{{0.,0.,-1.},{0.3826834323650898,0.9238795325112867,0.},{0.9238795325112867,-0.3826834323650898,0.}},
{{0.,0.,-1.},{0.7071067811865476,0.7071067811865476,0.},{0.7071067811865476,-0.7071067811865476,0.}},
{{0.,0.,-1.},{0.9238795325112867,0.38268343236508984,0.},{0.38268343236508984,-0.9238795325112867,0.}},
{{0.,0.,-1.},{1.,6.123233995736766e-17,0.},{6.123233995736766e-17,-1.,0.}},
{{0.,0.,-1.},{0.9238795325112867,-0.3826834323650897,0.},{-0.3826834323650897,-0.9238795325112867,0.}},
{{0.,0.,-1.},{0.7071067811865476,-0.7071067811865475,0.},{-0.7071067811865475,-0.7071067811865476,0.}},
{{0.,0.,-1.},{0.3826834323650899,-0.9238795325112867,0.},{-0.9238795325112867,-0.3826834323650899,0.}},
{{0.,0.,-1.},{1.2246467991473532e-16,-1.,0.},{-1.,-1.2246467991473532e-16,0.}},
{{0.,0.,-1.},{-0.38268343236508967,-0.9238795325112868,0.},{-0.9238795325112868,0.38268343236508967,0.}},
{{0.,0.,-1.},{-0.7071067811865475,-0.7071067811865477,0.},{-0.7071067811865477,0.7071067811865475,0.}},
{{0.,0.,-1.},{-0.9238795325112865,-0.38268343236509034,0.},{-0.38268343236509034,0.9238795325112865,0.}},
{{0.,0.,-1.},{-1.,-1.8369701987210297e-16,0.},{-1.8369701987210297e-16,1.,0.}},
{{0.,0.,-1.},{-0.9238795325112866,0.38268343236509,0.},{0.38268343236509,0.9238795325112866,0.}},
{{0.,0.,-1.},{-0.7071067811865477,0.7071067811865474,0.},{0.7071067811865474,0.7071067811865477,0.}},
{{0.,0.,-1.},{-0.3826834323650904,0.9238795325112865,0.},{0.9238795325112865,0.3826834323650904,0.}},
{{0.,0.,-1.},{-2.4492935982947064e-16,1.,0.},{1.,2.4492935982947064e-16,0.}},
{{-0.9428090459852978,0.,0.3333333208791053},{-0.12756113935566984,0.9238795325112867,-0.3607974017825095},{-0.3079598326642225,-0.3826834323650898,-0.8710419806523092}},
{{-0.9428090459852978,0.,0.3333333208791053},{-0.23570225158904676,0.7071067811865476,-0.6666666697802236},{-0.23570225158904676,-0.7071067811865476,-0.6666666697802236}},
{{-0.9428090459852978,0.,0.3333333208791053},{-0.3079598326642225,0.38268343236508984,-0.8710419806523092},{-0.12756113935566987,-0.9238795325112867,-0.3607974017825096}},
{{-0.9428090459852978,0.,0.3333333208791053},{-0.3333333208791053,6.123233995736766e-17,-0.9428090459852978},{-2.0410779223187694e-17,-1.,-5.773040401865323e-17}},
{{-0.9428090459852978,0.,0.3333333208791053},{-0.3079598326642225,-0.3826834323650897,-0.8710419806523092},{0.12756113935566984,-0.9238795325112867,0.36079740178250946}},
{{-0.9428090459852978,0.,0.3333333208791053},{-0.23570225158904676,-0.7071067811865475,-0.6666666697802236},{0.2357022515890467,-0.7071067811865476,0.6666666697802235}},
{{-0.9428090459852978,0.,0.3333333208791053},{-0.1275611393556699,-0.9238795325112867,-0.36079740178250963},{0.3079598326642225,-0.3826834323650899,0.8710419806523092}},
{{-0.9428090459852978,0.,0.3333333208791053},{-4.082155844637539e-17,-1.,-1.1546080803730646e-16},{0.3333333208791053,-1.2246467991473532e-16,0.9428090459852978}},
{{-0.9428090459852978,0.,0.3333333208791053},{0.12756113935566982,-0.9238795325112868,0.3607974017825094},{0.30795983266422255,0.38268343236508967,0.8710419806523093}},
{{-0.9428090459852978,0.,0.3333333208791053},{0.2357022515890467,-0.7071067811865477,0.6666666697802235},{0.23570225158904679,0.7071067811865475,0.6666666697802237}},
{{-0.9428090459852978,0.,0.3333333208791053},{0.30795983266422244,-0.38268343236509034,0.871041980652309},{0.12756113935567004,0.9238795325112865,0.3607974017825101}},
{{-0.9428090459852978,0.,0.3333333208791053},{0.3333333208791053,-1.8369701987210297e-16,0.9428090459852978},{6.123233766956307e-17,1.,1.731912120559597e-16}},
{{-0.9428090459852978,0.,0.3333333208791053},{0.3079598326642225,0.38268343236509,0.8710419806523091},{-0.12756113935566993,0.9238795325112866,-0.36079740178250974}},
{{-0.9428090459852978,0.,0.3333333208791053},{0.23570225158904679,0.7071067811865474,0.6666666697802237},{-0.23570225158904667,0.7071067811865477,-0.6666666697802234}},
{{-0.9428090459852978,0.,0.3333333208791053},{0.12756113935567007,0.9238795325112865,0.36079740178251013},{-0.30795983266422244,0.3826834323650904,-0.871041980652309}},
{{-0.9428090459852978,0.,0.3333333208791053},{8.164311689275078e-17,1.,2.309216160746129e-16},{-0.3333333208791053,2.4492935982947064e-16,-0.9428090459852978}},
{{0.47140455556016564,-0.816496567973287,0.3333333158941171},{0.6267833300682327,0.5760714222742288,0.5246754936029739},{-0.6204195372050272,-0.038406652116419804,0.783329130651675}},
{{0.47140455556016564,-0.816496567973287,0.3333333158941171},{0.3416480119653261,0.5175230068462632,0.7845040301393891},{-0.8130525080935816,-0.2559361089659825,0.5229171322591084}},
{{0.47140455556016564,-0.816496567973287,0.3333333158941171},{0.004499881087639324,0.38018640498369327,0.9248989396338243},{-0.8819056049642277,-0.4345016132920794,0.18289574073570056}},
{{0.47140455556016564,-0.816496567973287,0.3333333158941171},{-0.333333315894117,0.1849698693606994,0.9244863697987759},{-0.8164965679732867,-0.5469181857613901,-0.1849698693606993}},
{{0.47140455556016564,-0.816496567973287,0.3333333158941171},{-0.6204195372050271,-0.038406652116419776,0.783329130651675},{-0.6267833300682327,-0.5760714222742288,-0.5246754936029738}},
{{0.47140455556016564,-0.816496567973287,0.3333333158941171},{-0.8130525080935816,-0.2559361089659824,0.5229171322591084},{-0.3416480119653261,-0.5175230068462632,-0.784504030139389}},
{{0.47140455556016564,-0.816496567973287,0.3333333158941171},{-0.8819056049642277,-0.4345016132920794,0.1828957407357006},{-0.004499881087639379,-0.38018640498369327,-0.9248989396338243}},
{{0.47140455556016564,-0.816496567973287,0.3333333158941171},{-0.8164965679732867,-0.5469181857613901,-0.18496986936069926},{0.33333331589411697,-0.18496986936069942,-0.9244863697987759}},
{{0.47140455556016564,-0.816496567973287,0.3333333158941171},{-0.6267833300682328,-0.5760714222742288,-0.5246754936029738},{0.6204195372050272,0.03840665211641972,-0.783329130651675}},
{{0.47140455556016564,-0.816496567973287,0.3333333158941171},{-0.34164801196532624,-0.5175230068462632,-0.784504030139389},{0.8130525080935818,0.2559361089659824,-0.5229171322591085}},
{{0.47140455556016564,-0.816496567973287,0.3333333158941171},{-0.004499881087639768,-0.3801864049836935,-0.9248989396338242},{0.8819056049642278,0.43450161329207926,-0.18289574073570103}},
{{0.47140455556016564,-0.816496567973287,0.3333333158941171},{0.3333333158941169,-0.18496986936069948,-0.9244863697987759},{0.8164965679732868,0.5469181857613901,0.1849698693606992}},
{{0.47140455556016564,-0.816496567973287,0.3333333158941171},{0.6204195372050273,0.03840665211641994,-0.7833291306516748},{0.6267833300682325,0.5760714222742288,0.5246754936029742}},
{{0.47140455556016564,-0.816496567973287,0.3333333158941171},{0.8130525080935815,0.2559361089659823,-0.5229171322591085},{0.3416480119653263,0.5175230068462632,0.7845040301393889}},
{{0.47140455556016564,-0.816496567973287,0.3333333158941171},{0.8819056049642278,0.43450161329207926,-0.18289574073570108},{0.004499881087639823,0.38018640498369355,0.9248989396338242}},
{{0.47140455556016564,-0.816496567973287,0.3333333158941171},{0.8164965679732868,0.5469181857613901,0.18496986936069915},{-0.33333331589411686,0.1849698693606995,0.9244863697987759}},
{{0.47140450477591495,0.8164965684378527,0.3333333865759398},{-0.881905632442193,0.4345015808753921,0.18289568525123837},{0.004499815963931619,-0.3801864410338639,0.9248989251319816}},
{{0.47140450477591495,0.8164965684378527,0.3333333865759398},{-0.8130525584016755,0.2559360652210655,0.5229170754485345},{0.34164796231422767,-0.5175230277469488,0.7845040379744178}},
{{0.47140450477591495,0.8164965684378527,0.3333333865759398},{-0.6204196026842981,0.038406603703040276,0.7833290811638841},{0.6267833034486732,-0.5760714248434895,0.5246755225820621}},
{{0.47140450477591495,0.8164965684378527,0.3333333865759398},{-0.3333333865759398,-0.1849699150720433,0.9244863351678357},{0.8164965684378526,-0.5469181696080792,0.1849699150720434}},
{{0.47140450477591495,0.8164965684378527,0.3333333865759398},{0.004499815963931564,-0.38018644103386384,0.9248989251319816},{0.881905632442193,-0.4345015808753921,-0.1828956852512383}},
{{0.47140450477591495,0.8164965684378527,0.3333333865759398},{0.34164796231422756,-0.5175230277469487,0.7845040379744178},{0.8130525584016755,-0.25593606522106555,-0.5229170754485344}},
{{0.47140450477591495,0.8164965684378527,0.3333333865759398},{0.6267833034486731,-0.5760714248434895,0.5246755225820622},{0.6204196026842982,-0.038406603703040304,-0.7833290811638841}},
{{0.47140450477591495,0.8164965684378527,0.3333333865759398},{0.8164965684378526,-0.5469181696080792,0.18496991507204347},{0.33333338657593986,0.18496991507204327,-0.9244863351678357}},
{{0.47140450477591495,0.8164965684378527,0.3333333865759398},{0.8819056324421931,-0.4345015808753922,-0.18289568525123825},{-0.004499815963931508,0.3801864410338638,-0.9248989251319817}},
{{0.47140450477591495,0.8164965684378527,0.3333333865759398},{0.8130525584016756,-0.2559360652210656,-0.5229170754485344},{-0.3416479623142275,0.5175230277469487,-0.7845040379744178}},
{{0.47140450477591495,0.8164965684378527,0.3333333865759398},{0.6204196026842985,-0.03840660370304061,-0.7833290811638838},{-0.6267833034486727,0.5760714248434895,-0.5246755225820625}},
{{0.47140450477591495,0.8164965684378527,0.3333333865759398},{0.3333333865759399,0.18496991507204322,-0.9244863351678357},{-0.8164965684378525,0.5469181696080792,-0.18496991507204352}},
{{0.47140450477591495,0.8164965684378527,0.3333333865759398},{-0.004499815963931841,0.38018644103386395,-0.9248989251319815},{-0.881905632442193,0.43450158087539203,0.18289568525123856}},
{{0.47140450477591495,0.8164965684378527,0.3333333865759398},{-0.3416479623142275,0.5175230277469487,-0.7845040379744177},{-0.8130525584016755,0.2559360652210656,0.5229170754485343}},
{{0.47140450477591495,0.8164965684378527,0.3333333865759398},{-0.6267833034486727,0.5760714248434895,-0.5246755225820625},{-0.6204196026842985,0.03840660370304064,0.7833290811638838}},
{{0.47140450477591495,0.8164965684378527,0.3333333865759398},{-0.8164965684378525,0.5469181696080792,-0.18496991507204358},{-0.33333338657593997,-0.1849699150720432,0.9244863351678357}}