{{0.,0.,-1.},{0.7071067811865476,0.7071067811865476,0.},{0.7071067811865476,-0.7071067811865476,0.}},
{{0.,0.,-1.},{1.,6.123233995736766e-17,0.},{6.123233995736766e-17,-1.,0.}},
{{0.,0.,-1.},{0.7071067811865476,-0.7071067811865475,0.},{-0.7071067811865475,-0.7071067811865476,0.}},
{{0.,0.,-1.},{1.2246467991473532e-16,-1.,0.},{-1.,-1.2246467991473532e-16,0.}},
{{0.,0.,-1.},{-0.7071067811865475,-0.7071067811865477,0.},{-0.7071067811865477,0.7071067811865475,0.}},
{{0.,0.,-1.},{-1.,-1.8369701987210297e-16,0.},{-1.8369701987210297e-16,1.,0.}},
{{0.,0.,-1.},{-0.7071067811865477,0.7071067811865474,0.},{0.7071067811865474,0.7071067811865477,0.}},
{{0.,0.,-1.},{-2.4492935982947064e-16,1.,0.},{1.,2.4492935982947064e-16,0.}},
{{-0.9428090459852978,0.,0.3333333208791053},{-0.23570225158904676,0.7071067811865476,-0.6666666697802236},{-0.23570225158904676,-0.7071067811865476,-0.6666666697802236}},
{{-0.9428090459852978,0.,0.3333333208791053},{-0.3333333208791053,6.123233995736766e-17,-0.9428090459852978},{-2.0410779223187694e-17,-1.,-5.773040401865323e-17}},
{{-0.9428090459852978,0.,0.3333333208791053},{-0.23570225158904676,-0.7071067811865475,-0.6666666697802236},{0.2357022515890467,-0.7071067811865476,0.6666666697802235}},
{{-0.9428090459852978,0.,0.3333333208791053},{-4.082155844637539e-17,-1.,-1.1546080803730646e-16},{0.3333333208791053,-1.2246467991473532e-16,0.9428090459852978}},
{{-0.9428090459852978,0.,0.3333333208791053},{0.2357022515890467,-0.7071067811865477,0.6666666697802235},{0.23570225158904679,0.7071067811865475,0.6666666697802237}},
{{-0.9428090459852978,0.,0.3333333208791053},{0.3333333208791053,-1.8369701987210297e-16,0.9428090459852978},{6.123233766956307e-17,1.,1.731912120559597e-16}},
{{-0.9428090459852978,0.,0.3333333208791053},{0.23570225158904679,0.7071067811865474,0.6666666697802237},{-0.23570225158904667,0.7071067811865477,-0.6666666697802234}},
{{-0.9428090459852978,0.,0.3333333208791053},{8.164311689275078e-17,1.,2.309216160746129e-16},{-0.3333333208791053,2.4492935982947064e-16,-0.9428090459852978}},
{{0.47140455556016564,-0.816496567973287,0.3333333158941171},{0.3416480119653261,0.5175230068462632,0.7845040301393891},{-0.8130525080935816,-0.2559361089659825,0.5229171322591084}},
{{0.47140455556016564,-0.816496567973287,0.3333333158941171},{-0.333333315894117,0.1849698693606994,0.9244863697987759},{-0.8164965679732867,-0.5469181857613901,-0.1849698693606993}},
{{0.47140455556016564,-0.816496567973287,0.3333333158941171},{-0.8130525080935816,-0.2559361089659824,0.5229171322591084},{-0.3416480119653261,-0.5175230068462632,-0.784504030139389}},
{{0.47140455556016564,-0.816496567973287,0.3333333158941171},{-0.8164965679732867,-0.5469181857613901,-0.18496986936069926},{0.33333331589411697,-0.18496986936069942,-0.9244863697987759}},
{{0.47140455556016564,-0.816496567973287,0.3333333158941171},{-0.34164801196532624,-0.5175230068462632,-0.784504030139389},{0.8130525080935818,0.2559361089659824,-0.5229171322591085}},
{{0.47140455556016564,-0.816496567973287,0.3333333158941171},{0.3333333158941169,-0.18496986936069948,-0.9244863697987759},{0.8164965679732868,0.5469181857613901,0.1849698693606992}},
{{0.47140455556016564,-0.816496567973287,0.3333333158941171},{0.8130525080935815,0.2559361089659823,-0.5229171322591085},{0.3416480119653263,0.5175230068462632,0.7845040301393889}},
{{0.47140455556016564,-0.816496567973287,0.3333333158941171},{0.8164965679732868,0.5469181857613901,0.18496986936069915},{-0.33333331589411686,0.1849698693606995,0.9244863697987759}},
{{0.47140450477591495,0.8164965684378527,0.3333333865759398},{-0.8130525584016755,0.2559360652210655,0.5229170754485345},{0.34164796231422767,-0.5175230277469488,0.7845040379744178}},
{{0.47140450477591495,0.8164965684378527,0.3333333865759398},{-0.3333333865759398,-0.1849699150720433,0.9244863351678357},{0.8164965684378526,-0.5469181696080792,0.1849699150720434}},
{{0.47140450477591495,0.8164965684378527,0.3333333865759398},{0.34164796231422756,-0.5175230277469487,0.7845040379744178},{0.8130525584016755,-0.25593606522106555,-0.5229170754485344}},
{{0.47140450477591495,0.8164965684378527,0.3333333865759398},{0.8164965684378526,-0.5469181696080792,0.18496991507204347},{0.33333338657593986,0.18496991507204327,-0.9244863351678357}},
{{0.47140450477591495,0.8164965684378527,0.3333333865759398},{0.8130525584016756,-0.2559360652210656,-0.5229170754485344},{-0.3416479623142275,0.5175230277469487,-0.7845040379744178}},
{{0.47140450477591495,0.8164965684378527,0.3333333865759398},{0.3333333865759399,0.18496991507204322,-0.9244863351678357},{-0.8164965684378525,0.5469181696080792,-0.18496991507204352}},
{{0.47140450477591495,0.8164965684378527,0.3333333865759398},{-0.3416479623142275,0.5175230277469487,-0.7845040379744177},{-0.8130525584016755,0.2559360652210656,0.5229170754485343}},
{{0.47140450477591495,0.8164965684378527,0.3333333865759398},{-0.8164965684378525,0.5469181696080792,-0.18496991507204358},{-0.33333338657593997,-0.1849699150720432,0.9244863351678357}}