{{0.,0.,1.},{0.,1.,0.},{-1.,0.,0.}},
{{0.5587980199767267,0.,-0.8293037880475946},{0.,1.,0.},{0.8293037880475946,0.,0.5587980199767267}},
{{0.8343674504779568,0.48562397523897494,0.2607686949309865},{-0.4856239752389748,0.8714376199460708,-0.06903498544812775},{-0.26076869493098653,-0.06903498544812775,0.9629298305318861}},
{{-0.935749732373033,0.33215119267801185,-0.11852435853600425},{-0.3321511926780119,-0.7171043619298587,0.6127290749619644},{0.1185243585360043,0.6127290749619644,0.7813546295568258}},
{{0.28819036225198436,0.6199773158869665,0.7297769816119604},{-0.6199773158869665,0.7016187331642063,-0.35122539922199136},{-0.7297769816119603,-0.35122539922199136,0.586571629087778}},
{{-0.7729305643919915,0.3726067328019959,0.5135587262419943},{-0.37260673280199563,0.388575670883989,-0.8427177289387475},{-0.5135587262419943,-0.8427177289387475,-0.16150623527598024}},
{{0.8192363937435254,-0.03716347861697846,-0.5722504757736685},{0.037163478616978454,0.9992408220571753,-0.01168996969998426},{0.5722504757736683,-0.011689969699984266,0.8199955716863503}},
{{0.3595499139848458,-0.0037262061679984027,0.9331184141046},{0.0037262061679984022,0.9999897873463389,0.0025574578427344174},{-0.9331184141046,0.0025574578427344174,0.359560126638507}},
{{0.41373897968096374,-0.8895435244029218,-0.19373274087098297},{0.889543524402922,0.4402872855739322,-0.12189923853235095},{0.19373274087098297,-0.12189923853235093,0.9734516941070316}},
{{0.827811547382656,-0.5107936072787878,0.23198692373290364},{0.5107936072787879,0.8572554650885711,0.06483022704650371},{-0.2319869237329036,0.06483022704650382,0.9705560822940851}},
{{-0.15292356475292618,0.8529090491225882,-0.49915983138475895},{-0.8529090491225882,0.141218176063398,0.5025968371111482},{0.49915983138475895,0.5025968371111482,0.7058582591836754}},
{{-0.14057618120304044,-0.8838182639842542,-0.44621027949412834},{0.8838182639842543,0.09109486301462849,-0.45887580256557925},{0.4462102794941284,-0.45887580256557925,0.7683289557823312}},
{{-0.8795353134986681,-0.15546187786994134,-0.44972128795283034},{0.15546187786994123,0.7993736075461318,-0.5803735349650553},{0.44972128795282995,-0.5803735349650552,-0.6789089210447996}},
{{0.36557634570588177,0.44168269813885713,-0.819310887041735},{-0.4416826981388571,0.8571419265948257,0.2649983242175124},{0.819310887041735,0.26499832421751246,0.5084344191110559}},
{{-0.1100708148359746,0.6091030953828593,0.7854157083458188},{-0.6091030953828592,0.5831055021118347,-0.5375698955502668},{-0.7854157083458186,-0.5375698955502668,0.306823683052191}},
{{-0.6822583360032565,0.7307875789042746,-0.021750344211008174},{-0.7307875789042744,-0.6807694614649075,0.0500245425367324},{0.02175034421100817,0.0500245425367324,0.9985111254616511}},
{{0.9710514228413133,-0.0731584403580236,-0.22739168147107336},{0.07315844035802366,0.9972846180806874,-0.008439972988036726},{0.22739168147107358,-0.008439972988036726,0.9737668047606263}},
{{-0.3832312649539412,-0.5348975252359179,-0.7530062649528845},{0.5348975252359178,0.5361059239130488,-0.6530505920997449},{0.7530062649528843,-0.6530505920997448,0.0806628111330101}},
{{0.6140753979698614,-0.780001606243824,0.12045289479797282},{0.7800016062438238,0.6230643831705903,0.05820883679740675},{-0.12045289479797279,0.058208836797406766,0.9910110147992712}},
{{0.25882822983091747,0.13419648679595722,-0.9565559316496951},{-0.13419648679595722,0.9856940791113368,0.10197296375254056},{0.9565559316496951,0.10197296375254056,0.273134150719581}},
{{-0.9630180549525144,0.14609739896592636,0.22638855061788585},{-0.14609739896592638,0.42284133630066545,-0.8943493469169966},{-0.22638855061788585,-0.8943493469169966,-0.38585939125318}},
{{0.25339000988798516,-0.9565417138629442,0.14429640511499156},{0.9565417138629441,0.2700021197379515,0.11012177340179277},{-0.14429640511499156,0.11012177340179277,0.9833878901500335}},
{{-0.7967784123567405,-0.3596840682198828,0.48556310884484194},{0.35968406821988275,0.363391308809628,0.8594033556778917},{-0.48556310884484183,0.8594033556778917,-0.1601697211663684}},
{{0.9769971367043746,-0.14491710539705555,0.15644688374906},{0.14491710539705568,0.98937734048939,0.011467811015192897},{-0.15644688374906016,0.011467811015192897,0.9876197962149849}},
{{-0.6703705324022495,0.04859712577901809,-0.7404334329652755},{-0.0485971257790181,0.9928353473638358,0.10916177165542099},{0.7404334329652755,0.10916177165542099,-0.6632058797660849}},
{{0.5359854329219907,-0.30540569801599476,0.7870495380309864},{0.30540569801599476,0.939275048850431,0.15649198773861503},{-0.7870495380309863,0.15649198773861508,0.5967103840715593}},
{{-0.3878665790890648,-0.16334427814002736,-0.9071263217571517},{0.16334427814002733,0.9564125200656723,-0.24206143488904405},{0.9071263217571516,-0.24206143488904402,-0.3442790991547373}},
{{0.645734959191682,-0.5414828278007332,0.5383518456127347},{0.5414828278007331,0.8218402962363466,0.17712954208453147},{-0.5383518456127346,0.17712954208453147,0.8238946629553359}},
{{0.6911101522032608,0.019455840308007344,0.7224875277812726},{-0.019455840308007344,0.9997761649520006,-0.008312055809449097},{-0.7224875277812727,-0.008312055809449097,0.6913339872512603}},
{{-0.12951495443398311,-0.9745293597858729,0.1830803197869761},{0.9745293597858729,-0.09100952155603326,0.20496290859928784},{-0.1830803197869761,0.2049629085992878,0.9614945671220501}},
{{-0.07298906107000998,-0.3755640442040513,-0.9239178782041263},{0.3755640442040513,0.8478460767014151,-0.3743109388237474},{0.9239178782041263,-0.3743109388237474,0.07916486222857476}},
{{0.07708711877294763,0.6841261487435353,-0.7252785593995072},{-0.6841261487435354,0.5654682158599627,0.46067028280266725},{0.7252785593995072,0.46067028280266725,0.511618902912985}},
{{-0.6492253598940125,-0.30992039315700604,-0.6945903699130135},{0.30992039315700615,0.7261756150171768,-0.61369237086657},{0.6945903699130138,-0.6136923708665701,-0.3754009749111893}},
{{0.30753925728019027,-0.6192185806763834,0.7224873386964471},{0.6192185806763835,0.7067532400882175,0.3421523154531211},{-0.7224873386964472,0.342152315453121,0.6007860171919728}},
{{0.27550554919209613,-0.5647840138361973,-0.7778918370052716},{0.5647840138361973,0.7499179972310057,-0.344444502270122},{0.7778918370052715,-0.34444450227012213,0.5255875519610907}},
{{-0.016456131500994925,0.3756240121868842,-0.9266260287757142},{-0.37562401218688424,0.856545901967041,0.35388659100352543},{0.9266260287757142,0.35388659100352543,0.12699796653196446}},
{{-0.4921743347489931,0.7057375341309902,-0.5096066690429929},{-0.7057375341309902,0.019219584273849954,0.7082126379125476},{0.5096066690429929,0.7082126379125475,0.48860608097715685}},
{{0.04982330178002534,-0.9865165282105018,-0.1558934834020793},{0.986516528210502,0.07297270047028862,-0.14649274573702079},{0.1558934834020793,-0.14649274573702079,0.9768506013097371}},
{{-0.4215372802840211,-0.5262593878570263,0.7384831602840369},{0.5262593878570263,0.5212328575925653,0.6718387938026774},{-0.7384831602840369,0.6718387938026774,0.05722986212341358}},
{{-0.420469615963161,0.8819556708603379,-0.2129776905900816},{-0.8819556708603377,-0.3422002138083966,0.3241191267216119},{0.21297769059008156,0.32411912672161186,0.9217305978452356}},
{{-0.7385822013071096,-0.5214584543900774,-0.4272907818540634},{0.5214584543900774,-0.04016987754660878,-0.8523306056237817},{0.4272907818540634,-0.8523306056237817,0.3015876762394993}},
{{-0.9561419376382773,-0.21825639828406326,0.19533750202505668},{0.21825639828406332,-0.086136797358974,0.9720826079859712},{-0.19533750202505656,0.9720826079859712,0.1299948597206967}},
{{-0.8645418075801082,0.20818270677102604,-0.4574138427590573},{-0.20818270677102615,0.6800485919362771,0.7029892411744124},{0.4574138427590576,0.7029892411744123,-0.5445903995163853}},
{{-0.9092044197342637,-0.393013233589114,-0.13743333423703982},{0.39301323358911416,-0.7011775388637462,-0.5948870961928903},{0.1374333342370399,-0.5948870961928903,0.7919731191294823}},
{{-0.6105914980846207,0.6987158513875656,0.3727924107147682},{-0.6987158513875656,-0.25370616866074436,-0.6689015914192727},{-0.3727924107147684,-0.6689015914192727,0.6431146705761236}},
{{0.8990949097650663,0.26146080891201934,-0.3510934186760259},{-0.26146080891201917,0.9640029815016539,0.04833732573274935},{0.3510934186760257,0.04833732573274924,0.9350919282634123}},
{{0.7104851312552108,-0.6726240956521996,-0.20685188955706146},{0.6726240956521998,0.7355000836985143,-0.08134158117186693},{0.20685188955706146,-0.08134158117186693,0.9749850475566969}},
{{0.26266360180606235,-0.2351412951950558,-0.9357972021652221},{0.2351412951950559,0.9562104834360303,-0.17427014276985356},{0.9357972021652222,-0.1742701427698536,0.3064531183700321}},
{{-0.29124789619397784,0.8122569752379383,0.5053842786829614},{-0.8122569752379383,0.0691224896832838,-0.5791896818809013},{-0.5053842786829614,-0.5791896818809013,0.6396296141227384}},
{{0.7036370525570789,0.5605092245230628,-0.43671994171704903},{-0.5605092245230627,0.8155883083759601,0.14368409955522393},{0.4367199417170489,0.14368409955522404,0.8880487441811189}},
{{-0.2633409984198842,0.30553084564486566,0.9150423055305976},{-0.3055308456448657,0.8732804493799232,-0.3795156901767472},{-0.9150423055305976,-0.3795156901767472,-0.13662144779980734}},
{{-0.6197950073730341,0.4027432586020221,-0.6735369451530371},{-0.4027432586020223,0.5733824239690664,0.7134637086313382},{0.6735369451530374,0.7134637086313381,-0.19317743134210014}},
{{0.6687882161330418,0.30491958342101905,-0.6780459937260424},{-0.3049195834210192,0.9442853494201356,0.12389199537034179},{0.6780459937260425,0.12389199537034168,0.7245028667129065}},
{{-0.1761386701039455,-0.342559139371894,0.9228371497327146},{0.342559139371894,0.8575649084269821,0.3837129967402835},{-0.9228371497327147,0.38371299674028353,-0.033703578530927814}},
{{-0.07321667718399359,-0.0042426222749996296,-0.9973070331339129},{0.004242622274999629,0.9999805781531398,-0.004565465227547846},{0.9973070331339128,-0.004565465227547846,-0.0731972553371334}},
{{0.43200429453507333,-0.7966809106551354,0.4226958908020718},{0.7966809106551355,0.5567747416509224,0.23516252604794874},{-0.42269589080207187,0.23516252604794877,0.8752295528841509}},
{{-0.38491513663698596,0.9103482466959665,0.1520079186269944},{-0.9103482466959665,-0.34734892634370185,-0.22497731686874156},{-0.15200791862699448,-0.2249773168687415,0.9624337897067158}},
{{0.5823135067660842,-0.3467584055720502,-0.7353023786191063},{0.34675840557205007,0.924009122515412,-0.16113891421201768},{0.7353023786191061,-0.1611389142120177,0.6583043842506724}},
{{0.8357189729087218,-0.22898778692492375,0.49913764810883365},{0.22898778692492372,0.9714360382310103,0.06226248521594169},{-0.49913764810883365,0.06226248521594163,0.8642829346777117}},
{{-0.05978110028500369,-0.6852216686730424,-0.7258770452560448},{0.6852216686730424,0.5006176376996951,-0.5290115741691371},{0.7258770452560448,-0.5290115741691371,0.43960126201530125}},
{{-0.28121501638993,0.5710789221698578,-0.7712243377968081},{-0.5710789221698578,0.5462744175473655,0.6127422993286821},{0.7712243377968081,0.6127422993286821,0.17251056606270462}},
{{-0.6625275052180393,-0.7361267981200437,-0.13847253128000817},{0.7361267981200438,-0.6057091208590961,-0.3020493304042119},{0.13847253128000825,-0.3020493304042119,0.9431816156410568}},
{{-0.7596273621251978,0.560008427753146,-0.33069144463708616},{-0.560008427753146,-0.30468027445741813,0.7704287710113128},{0.3306914446370864,0.7704287710113127,0.5450529123322204}},
{{-0.08494698252702836,0.9871201666123294,-0.13556469609304525},{-0.9871201666123294,-0.06486313331187336,0.14624141206995067},{0.13556469609304528,0.14624141206995067,0.9799161507848452}},
{{0.4141160820842274,0.7022490462803856,-0.579097701219318},{-0.7022490462803858,0.6512636202574932,0.28757950887953165},{0.5790977012193181,0.2875795088795317,0.762852461826734}},
{{0.11316303326103364,0.339596486583101,0.9337389111542778},{-0.339596486583101,0.8963981283480668,-0.2848589507010382},{-0.9337389111542779,-0.2848589507010382,0.2167649049129668}},
{{0.27415002449195097,0.9615223121908281,-0.017793460322996817},{-0.9615223121908281,0.2743985095401637,0.013427625305321133},{0.017793460322996814,0.013427625305321132,0.9997515149517873}},
{{0.46405786444702757,0.3233058506630192,0.8246960806090489},{-0.3233058506630192,0.9286048211541025,-0.18211648211081566},{-0.8246960806090489,-0.1821164821108157,0.535453043292925}},
{{-0.9915535414898283,-0.023421812734995946,-0.12756564211097793},{0.02342181273499596,0.9350519142274142,-0.3537362525778992},{0.12756564211097807,-0.3537362525778992,-0.926605455717243}},
{{0.189940887657897,0.9041699479305095,-0.38262143752679256},{-0.9041699479305094,0.31297150705548704,0.290732765664203},{0.3826214375267926,0.290732765664203,0.8769693806024099}},
{{0.909661814943573,-0.4043973054808103,-0.09475337330895557},{0.4043973054808097,0.9143632765757682,-0.020065337512386233},{0.0947533733089554,-0.02006533751238626,0.9952985383678044}},
{{0.18388725265294853,-0.339153655912905,0.9225834791457418},{0.339153655912905,0.9028410838436417,0.2642967555702286},{-0.9225834791457419,0.2642967555702286,0.28104616880930683}},
{{-0.36874245643505305,0.22144425213503188,-0.90276876553113},{-0.22144425213503185,0.9223176700167252,0.31669000421749216},{0.90276876553113,0.31669000421749216,-0.2910601264517786}},
{{0.06726407623301817,0.8308996129082243,0.5523417215071491},{-0.8308996129082243,0.353117768970702,-0.43001590029453135},{-0.5523417215071491,-0.43001590029453135,0.7141463072623161}},
{{-0.4776649989858444,0.5362706798768253,0.6958806698337734},{-0.5362706798768254,0.44942184319032735,-0.714446474389689},{-0.6958806698337736,-0.714446474389689,0.07291315782382835}},
{{-0.6128305461778647,-0.22033747885495134,0.7588742432598323},{0.22033747885495142,0.874606314860626,0.43187404346378483},{-0.7588742432598325,0.43187404346378483,-0.48743686103849093}},
{{-0.2766709089249973,-0.8186629368419921,0.5032337468769951},{0.8186629368419922,0.07343833888569348,0.5695593087843916},{-0.5032337468769951,0.5695593087843916,0.6498907521893094}},
{{0.7225392347413196,0.3628364961481605,0.5884613252562603},{-0.3628364961481604,0.9235719452527624,-0.12395377769537352},{-0.5884613252562602,-0.12395377769537358,0.7989672894885569}},
{{0.5378807838819837,0.8129704567879752,-0.22307688970499323},{-0.8129704567879753,0.5702391430226963,0.11792521424484237},{0.22307688970499331,0.1179252142448424,0.9676416408592875}},
{{0.6223546254200885,0.7720899023681099,0.12865419884101834},{-0.7720899023681101,0.6325570205192107,-0.06122743219392501},{-0.12865419884101834,-0.061227432193925055,0.9897976049008774}},
{{0.08309290428103291,-0.870526352779345,0.4850561187891922},{0.870526352779345,0.30032213498217536,0.3898595700459845},{-0.4850561187891922,0.3898595700459845,0.7827707692988577}},
{{-0.800543772691214,-0.5778307676011545,0.15887502012204252},{0.5778307676011549,-0.6739933392484801,0.4602657739416921},{-0.15887502012204255,0.4602657739416921,0.873449566557266}},
{{0.8084023746461501,-0.37978756187407064,-0.4497188104940835},{0.37978756187407103,0.9202397684406526,-0.09444668562762526},{0.4497188104940841,-0.09444668562762526,0.8881626062054984}},
{{0.22261514275298988,-0.8374343554599619,-0.4991454682879773},{0.8374343554599619,0.42639652071908973,-0.3418913678553659},{0.4991454682879773,-0.3418913678553659,0.7962186220339001}},
{{-0.0534415442159988,-0.6483861994109855,0.759433563759983},{0.6483861994109855,0.5558597981796958,0.5202069022812039},{-0.7594335637599829,0.5202069022812039,0.3906986576043054}},
{{-0.601427320565188,-0.6520069487692038,0.4617056603881444},{0.6520069487692038,-0.06658856258323947,0.7552833257061695},{-0.4617056603881444,0.7552833257061695,0.46516124201805154}},
{{-0.46556431439398077,-0.7480076329599692,-0.47300576127198046},{0.748007632959969,-0.04692750509711652,-0.6620289950591165},{0.4730057612719804,-0.6620289950591165,0.5813631907031356}},
{{-0.361041645910007,-0.04269457837400082,0.9315718452680181},{0.04269457837400083,0.9971471896237589,0.06224672845142293},{-0.9315718452680181,0.06224672845142292,-0.3581888355337663}},
{{0.5405164967930184,-0.6582919685380225,-0.5239213689600177},{0.6582919685380226,0.7186993344480306,-0.22388155534186704},{0.5239213689600177,-0.223881555341867,0.8218171623449877}},
{{0.8294237815548626,0.550065833066909,-0.09738464911698387},{-0.5500658330669093,0.834607801779842,0.029281333655198277},{0.0973846491169839,0.029281333655198277,0.994815979775021}},
{{-0.49286594827985564,-0.8513567749607509,0.17965188213494737},{0.8513567749607507,-0.42922439503539045,0.3015925404165917},{-0.17965188213494734,0.3015925404165917,0.9363584467555347}},
{{-0.6059707424410014,0.1815796584720004,0.7744858210030019},{-0.1815796584720004,0.9163230350581987,-0.3569046413972823},{-0.7744858210030018,-0.35690464139728223,-0.5222937774992}},
{{0.9117963247918973,0.12566162982998585,0.3909432399779559},{-0.1256616298299858,0.9917403098819917,-0.025696547309762507},{-0.39094323997795577,-0.025696547309762507,0.9200560149099053}},
{{-0.0341878769580074,0.9734390460002108,0.22637935593004901},{-0.9734390460002109,0.01887380198415637,-0.2281670513480474},{-0.22637935593004904,-0.2281670513480474,0.9469383210578362}},
{{0.5606061137011611,0.6629239551961905,0.4962384657681427},{-0.6629239551961904,0.7183990460407013,-0.21079525676553912},{-0.4962384657681426,-0.21079525676553906,0.8422070676604598}},
{{-0.8428838143531797,0.0014257538990003042,0.5380937118451148},{-0.001425753899000305,0.9999870619683634,-0.004882941910359738},{-0.5380937118451152,-0.004882941910359739,-0.8428708763215432}},
{{0.9759226555678321,0.21681359833496272,0.0238082743279959},{-0.21681359833496266,0.9762095260710267,-0.002612428989896498},{-0.023808274327995895,-0.002612428989896484,0.999713129496805}},
{{0.3343070023809363,0.8833707192678318,0.32847374400293744},{-0.8833707192678317,0.4151692029890268,-0.21746426195973156},{-0.3284737440029374,-0.21746426195973156,0.9191377993919095}},
{{-0.8494917869269268,0.4953408840739573,0.18166208329898437},{-0.49534088407395743,-0.6302272575387214,-0.5978720702792968},{-0.18166208329898442,-0.5978720702792968,0.7807354706117944}},
{{-0.3364293014459041,-0.9313854900647345,-0.13905536316696038},{0.9313854900647345,-0.30728938603428535,-0.19517761687126506},{0.13905536316696035,-0.19517761687126509,0.970860084588381}}