{{0.,0.,1.},{0.,1.,0.},{-1.,0.,0.}},
{{0.70364852917208,0.,-0.7105482020200807},{0.,1.,0.},{0.710548202020081,0.,0.7036485291720799}},
{{-0.3518233833000784,-0.8660257190411931,0.3552742052590792},{0.8660257190411931,-0.15709287672133698,0.4746801892249129},{-0.35527420525907927,0.47468018922491295,0.8052694934212588}},
{{-0.351825207762012,0.8660249992860295,0.3552741530070121},{-0.8660249992860296,-0.15709421034225088,-0.4746810610173713},{-0.35527415300701215,-0.4746810610173713,0.8052690025802388}},
{{-0.2499874326480049,-0.615353391443012,-0.7475603568660146},{0.6153533914430122,0.49512873137937113,-0.6133414571038207},{0.7475603568660147,-0.6133414571038207,0.25488383597262376}},
{{-0.9999523928043325,-8.99465000000299e-7,0.009757670013003244},{8.994650000002986e-7,0.9999999830059872,0.00018435622042061253},{-0.009757670013003237,0.00018435622042061253,-0.9999523758103195}},
{{-0.24998852849497272,0.6153523991819329,-0.7475608071869184},{-0.615352399181933,0.4951296219254923,0.6133417337120948},{0.7475608071869184,0.6133417337120948,0.25488184957953497}},
{{0.7499634760780092,0.6153541210880075,0.242681046250003},{-0.6153541210880075,0.7836179443078195,-0.08533594212753243},{-0.24268104625000303,-0.08533594212753243,0.9663455317701897}},
{{0.749965039913832,-0.6153517476408621,0.24268223169894562},{0.6153517476408621,0.7836198068600797,0.08533595357121204},{-0.24268223169894565,0.0853359535712121,0.9663452330537524}}