{{0.,0.,-1.},{1.,6.123233995736766e-17,0.},{6.123233995736766e-17,-1.,0.}},
{{0.,0.,-1.},{1.2246467991473532e-16,-1.,0.},{-1.,-1.2246467991473532e-16,0.}},
{{0.,0.,-1.},{-1.,-1.8369701987210297e-16,0.},{-1.8369701987210297e-16,1.,0.}},
{{0.,0.,-1.},{-2.4492935982947064e-16,1.,0.},{1.,2.4492935982947064e-16,0.}},
{{-0.9428090459852978,0.,0.3333333208791053},{-0.3333333208791053,6.123233995736766e-17,-0.9428090459852978},{-2.0410779223187694e-17,-1.,-5.773040401865323e-17}},
{{-0.9428090459852978,0.,0.3333333208791053},{-4.082155844637539e-17,-1.,-1.1546080803730646e-16},{0.3333333208791053,-1.2246467991473532e-16,0.9428090459852978}},
{{-0.9428090459852978,0.,0.3333333208791053},{0.3333333208791053,-1.8369701987210297e-16,0.9428090459852978},{6.123233766956307e-17,1.,1.731912120559597e-16}},
{{-0.9428090459852978,0.,0.3333333208791053},{8.164311689275078e-17,1.,2.309216160746129e-16},{-0.3333333208791053,2.4492935982947064e-16,-0.9428090459852978}},
{{0.47140455556016536,-0.8164965679732864,0.33333331589411697},{-0.33333331589411686,0.18496986936069953,0.9244863697987757},{-0.8164965679732864,-0.5469181857613896,-0.18496986936069948}},
{{0.47140455556016536,-0.8164965679732864,0.33333331589411697},{-0.8164965679732864,-0.5469181857613896,-0.18496986936069942},{0.3333333158941168,-0.18496986936069956,-0.9244863697987757}},
{{0.47140455556016536,-0.8164965679732864,0.33333331589411697},{0.33333331589411674,-0.18496986936069962,-0.9244863697987757},{0.8164965679732865,0.5469181857613896,0.18496986936069937}},
{{0.47140455556016536,-0.8164965679732864,0.33333331589411697},{0.8164965679732865,0.5469181857613896,0.1849698693606993},{-0.3333333158941167,0.18496986936069965,0.9244863697987757}},
{{0.47140450477591517,0.8164965684378531,0.3333333865759399},{-0.33333338657593997,-0.18496991507204336,0.9244863351678357},{0.8164965684378531,-0.5469181696080794,0.1849699150720434}},
{{0.47140450477591517,0.8164965684378531,0.3333333865759399},{0.8164965684378531,-0.5469181696080794,0.18496991507204347},{0.33333338657594,0.18496991507204333,-0.9244863351678357}},
{{0.47140450477591517,0.8164965684378531,0.3333333865759399},{0.3333333865759401,0.18496991507204327,-0.9244863351678357},{-0.816496568437853,0.5469181696080794,-0.18496991507204352}},
{{0.47140450477591517,0.8164965684378531,0.3333333865759399},{-0.816496568437853,0.5469181696080794,-0.18496991507204358},{-0.33333338657594014,-0.18496991507204325,0.9244863351678357}}