{{0.,0.,-1.},{0.3826834323650898,0.9238795325112867,0.},{0.9238795325112867,-0.3826834323650898,0.}},
{{0.,0.,-1.},{0.7071067811865476,0.7071067811865476,0.},{0.7071067811865476,-0.7071067811865476,0.}},
{{0.,0.,-1.},{0.9238795325112867,0.38268343236508984,0.},{0.38268343236508984,-0.9238795325112867,0.}},
{{0.,0.,-1.},{1.,6.123233995736766e-17,0.},{6.123233995736766e-17,-1.,0.}},
{{0.,0.,-1.},{0.9238795325112867,-0.3826834323650897,0.},{-0.3826834323650897,-0.9238795325112867,0.}},
{{0.,0.,-1.},{0.7071067811865476,-0.7071067811865475,0.},{-0.7071067811865475,-0.7071067811865476,0.}},
{{0.,0.,-1.},{0.3826834323650899,-0.9238795325112867,0.},{-0.9238795325112867,-0.3826834323650899,0.}},
{{0.,0.,-1.},{1.2246467991473532e-16,-1.,0.},{-1.,-1.2246467991473532e-16,0.}},
{{0.,0.,-1.},{-0.38268343236508967,-0.9238795325112868,0.},{-0.9238795325112868,0.38268343236508967,0.}},
{{0.,0.,-1.},{-0.7071067811865475,-0.7071067811865477,0.},{-0.7071067811865477,0.7071067811865475,0.}},
{{0.,0.,-1.},{-0.9238795325112865,-0.38268343236509034,0.},{-0.38268343236509034,0.9238795325112865,0.}},
{{0.,0.,-1.},{-1.,-1.8369701987210297e-16,0.},{-1.8369701987210297e-16,1.,0.}},
{{0.,0.,-1.},{-0.9238795325112866,0.38268343236509,0.},{0.38268343236509,0.9238795325112866,0.}},
{{0.,0.,-1.},{-0.7071067811865477,0.7071067811865474,0.},{0.7071067811865474,0.7071067811865477,0.}},
{{0.,0.,-1.},{-0.3826834323650904,0.9238795325112865,0.},{0.9238795325112865,0.3826834323650904,0.}},
{{0.,0.,-1.},{-2.4492935982947064e-16,1.,0.},{1.,2.4492935982947064e-16,0.}},
{{-0.5587980199767267,0.,0.8293037880475946},{-0.3173608200834244,0.9238795325112867,-0.2138427442835098},{-0.766176796011251,-0.3826834323650898,-0.516262053464331}},
{{-0.5587980199767267,0.,0.8293037880475946},{-0.5864063321921456,0.7071067811865476,-0.3951298692391593},{-0.5864063321921456,-0.7071067811865476,-0.3951298692391593}},
{{-0.5587980199767267,0.,0.8293037880475946},{-0.766176796011251,0.38268343236508984,-0.516262053464331},{-0.3173608200834245,-0.9238795325112867,-0.21384274428350983}},
{{-0.5587980199767267,0.,0.8293037880475946},{-0.8293037880475946,6.123233995736766e-17,-0.5587980199767267},{-5.078021147766309e-17,-1.,-3.421651032671886e-17}},
{{-0.5587980199767267,0.,0.8293037880475946},{-0.766176796011251,-0.3826834323650897,-0.516262053464331},{0.31736082008342437,-0.9238795325112867,0.21384274428350977}},
{{-0.5587980199767267,0.,0.8293037880475946},{-0.5864063321921456,-0.7071067811865475,-0.3951298692391593},{0.5864063321921454,-0.7071067811865476,0.39512986923915927}},
{{-0.5587980199767267,0.,0.8293037880475946},{-0.31736082008342453,-0.9238795325112867,-0.21384274428350986},{0.766176796011251,-0.3826834323650899,0.516262053464331}},
{{-0.5587980199767267,0.,0.8293037880475946},{-1.0156042295532618e-16,-1.,-6.843302065343772e-17},{0.8293037880475946,-1.2246467991473532e-16,0.5587980199767267}},
{{-0.5587980199767267,0.,0.8293037880475946},{0.31736082008342437,-0.9238795325112868,0.21384274428350974},{0.766176796011251,0.38268343236508967,0.5162620534643311}},
{{-0.5587980199767267,0.,0.8293037880475946},{0.5864063321921454,-0.7071067811865477,0.39512986923915927},{0.5864063321921457,0.7071067811865475,0.39512986923915944}},
{{-0.5587980199767267,0.,0.8293037880475946},{0.7661767960112508,-0.38268343236509034,0.5162620534643309},{0.3173608200834249,0.9238795325112865,0.2138427442835101}},
{{-0.5587980199767267,0.,0.8293037880475946},{0.8293037880475946,-1.8369701987210297e-16,0.5587980199767267},{1.5234063443298925e-16,1.,1.0264953098015657e-16}},
{{-0.5587980199767267,0.,0.8293037880475946},{0.7661767960112509,0.38268343236509,0.5162620534643309},{-0.31736082008342464,0.9238795325112866,-0.2138427442835099}},
{{-0.5587980199767267,0.,0.8293037880475946},{0.5864063321921457,0.7071067811865474,0.39512986923915944},{-0.5864063321921453,0.7071067811865477,-0.3951298692391592}},
{{-0.5587980199767267,0.,0.8293037880475946},{0.3173608200834249,0.9238795325112865,0.21384274428351013},{-0.7661767960112508,0.3826834323650904,-0.5162620534643309}},
{{-0.5587980199767267,0.,0.8293037880475946},{2.0312084591065236e-16,1.,1.3686604130687543e-16},{-0.8293037880475946,2.4492935982947064e-16,-0.5587980199767267}},
{{-0.8343674504779568,-0.4856239752389748,-0.2607686949309866},{0.5484499104496118,-0.6841403071915022,-0.48078554034385257},{0.05507861028318778,-0.5441703729063286,0.8371648296125798}},
{{-0.8343674504779568,-0.4856239752389748,-0.2607686949309866},{0.5277793185051138,-0.840308213275398,-0.12381880979958731},{-0.15899669349138065,-0.24093870875184054,0.9574281122276511}},
{{-0.8343674504779568,-0.4856239752389748,-0.2607686949309866},{0.42675910964964836,-0.8685468113010363,0.2519982121163592},{-0.34886619199050195,0.09897368969528164,0.9319316438635123}},
{{-0.8343674504779568,-0.4856239752389748,-0.2607686949309866},{0.2607686949309865,-0.7645570307025424,0.5894507906070714},{-0.48562397523897494,0.42381824108502847,0.7645570307025424}},
{{-0.8343674504779568,-0.4856239752389748,-0.2607686949309866},{0.05507861028318781,-0.5441703729063286,0.8371648296125798},{-0.5484499104496117,0.6841403071915022,0.48078554034385257}},
{{-0.8343674504779568,-0.4856239752389748,-0.2607686949309866},{-0.1589966934913806,-0.24093870875184054,0.9574281122276511},{-0.5277793185051138,0.8403082132753978,0.12381880979958743}},
{{-0.8343674504779568,-0.4856239752389748,-0.2607686949309866},{-0.34886619199050195,0.09897368969528164,0.9319316438635125},{-0.4267591096496484,0.8685468113010364,-0.2519982121163592}},
{{-0.8343674504779568,-0.4856239752389748,-0.2607686949309866},{-0.4856239752389749,0.4238182410850284,0.7645570307025426},{-0.2607686949309865,0.7645570307025424,-0.5894507906070713}},
{{-0.8343674504779568,-0.4856239752389748,-0.2607686949309866},{-0.5484499104496118,0.6841403071915022,0.4807855403438526},{-0.05507861028318789,0.5441703729063286,-0.8371648296125798}},
{{-0.8343674504779568,-0.4856239752389748,-0.2607686949309866},{-0.5277793185051138,0.8403082132753978,0.12381880979958743},{0.15899669349138057,0.24093870875184054,-0.9574281122276511}},
{{-0.8343674504779568,-0.4856239752389748,-0.2607686949309866},{-0.4267591096496486,0.8685468113010363,-0.25199821211635864},{0.34886619199050173,-0.0989736896952812,-0.9319316438635125}},
{{-0.8343674504779568,-0.4856239752389748,-0.2607686949309866},{-0.26076869493098653,0.7645570307025426,-0.5894507906070713},{0.4856239752389749,-0.42381824108502836,-0.7645570307025426}},
{{-0.8343674504779568,-0.4856239752389748,-0.2607686949309866},{-0.05507861028318764,0.5441703729063284,-0.8371648296125799},{0.5484499104496118,-0.6841403071915024,-0.48078554034385235}},
{{-0.8343674504779568,-0.4856239752389748,-0.2607686949309866},{0.15899669349138051,0.2409387087518406,-0.957428112227651},{0.5277793185051138,-0.8403082132753978,-0.12381880979958748}},
{{-0.8343674504779568,-0.4856239752389748,-0.2607686949309866},{0.34886619199050173,-0.09897368969528114,-0.9319316438635126},{0.4267591096496486,-0.8685468113010364,0.2519982121163586}},
{{-0.8343674504779568,-0.4856239752389748,-0.2607686949309866},{0.4856239752389749,-0.42381824108502836,-0.7645570307025426},{0.26076869493098653,-0.7645570307025426,0.5894507906070712}},
{{0.935749732373033,-0.33215119267801185,0.11852435853600425},{0.2615103802709993,0.8790075207775127,0.3986954971241688},{-0.2366109874336237,-0.3420838546601475,0.9093920370261336}},
{{0.935749732373033,-0.33215119267801185,0.11852435853600425},{0.15105698306522747,0.6811872337118079,0.7163558755920738},{-0.31867573837841606,-0.6524258868489425,0.6875945287292085}},
{{0.935749732373033,-0.33215119267801185,0.11852435853600425},{0.0176065295227361,0.37966236529113073,0.9249575657832684},{-0.35222499695785664,-0.8634419920203779,0.3611169864931857}},
{{0.935749732373033,-0.33215119267801185,0.11852435853600425},{-0.11852435853600429,0.020337343402790534,0.9927428513451738},{-0.3321511926780119,-0.9430068810278593,-0.020337343402790413}},
{{0.935749732373033,-0.33215119267801185,0.11852435853600425},{-0.23661098743362363,-0.34208385466014746,0.9093920370261336},{-0.2615103802709993,-0.8790075207775127,-0.39869549712416874}},
{{0.935749732373033,-0.33215119267801185,0.11852435853600425},{-0.31867573837841606,-0.6524258868489424,0.6875945287292085},{-0.15105698306522747,-0.6811872337118079,-0.7163558755920737}},
{{0.935749732373033,-0.33215119267801185,0.11852435853600425},{-0.35222499695785664,-0.8634419920203779,0.36111698649318574},{-0.0176065295227361,-0.3796623652911308,-0.9249575657832684}},
{{0.935749732373033,-0.33215119267801185,0.11852435853600425},{-0.3321511926780119,-0.9430068810278593,-0.020337343402790354},{0.11852435853600427,-0.02033734340279059,-0.9927428513451738}},
{{0.935749732373033,-0.33215119267801185,0.11852435853600425},{-0.2615103802709993,-0.8790075207775128,-0.3986954971241687},{0.23661098743362366,0.3420838546601474,-0.9093920370261337}},
{{0.935749732373033,-0.33215119267801185,0.11852435853600425},{-0.1510569830652275,-0.681187233711808,-0.7163558755920737},{0.31867573837841606,0.6524258868489424,-0.6875945287292086}},
{{0.935749732373033,-0.33215119267801185,0.11852435853600425},{-0.017606529522736294,-0.3796623652911312,-0.9249575657832682},{0.3522249969578566,0.8634419920203776,-0.3611169864931862}},
{{0.935749732373033,-0.33215119267801185,0.11852435853600425},{0.11852435853600425,-0.02033734340279065,-0.9927428513451738},{0.3321511926780119,0.9430068810278593,0.02033734340279029}},
{{0.935749732373033,-0.33215119267801185,0.11852435853600425},{0.23661098743362374,0.3420838546601477,-0.9093920370261335},{0.26151038027099927,0.8790075207775125,0.398695497124169}},
{{0.935749732373033,-0.33215119267801185,0.11852435853600425},{0.318675738378416,0.6524258868489423,-0.6875945287292086},{0.15105698306522752,0.681187233711808,0.7163558755920736}},
{{0.935749732373033,-0.33215119267801185,0.11852435853600425},{0.3522249969578566,0.8634419920203776,-0.36111698649318624},{0.017606529522736294,0.37966236529113123,0.9249575657832682}},
{{0.935749732373033,-0.33215119267801185,0.11852435853600425},{0.33215119267801196,0.9430068810278593,0.020337343402790233},{-0.11852435853600422,0.020337343402790708,0.9927428513451738}},
{{-0.28819036225198436,-0.6199773158869665,-0.7297769816119604},{0.8520579129535528,0.1817477182744593,-0.49088194087302095},{0.43697096937703583,-0.7632796962369828,0.4758786370852057}},
{{-0.28819036225198436,-0.6199773158869665,-0.7297769816119604},{0.9544204166971759,-0.12418149701615117,-0.2714049078230123},{0.07764008820615925,-0.7747303295885741,0.6275069187817129}},
{{-0.28819036225198436,-0.6199773158869665,-0.7297769816119604},{0.9114810638412756,-0.41120520509412617,-0.010608937848566008},{-0.2935107925849529,-0.668235293208231,0.683602960458088}},
{{-0.28819036225198436,-0.6199773158869665,-0.7297769816119604},{0.7297769816119603,-0.6356266482809871,0.2518021467430634},{-0.6199773158869665,-0.4600074910049522,0.6356266482809871}},
{{-0.28819036225198436,-0.6199773158869665,-0.7297769816119604},{0.43697096937703594,-0.7632796962369827,0.4758786370852057},{-0.8520579129535528,-0.18174771827445932,0.49088194087302095}},
{{-0.28819036225198436,-0.6199773158869665,-0.7297769816119604},{0.07764008820615936,-0.774730329588574,0.6275069187817128},{-0.9544204166971757,0.12418149701615111,0.2714049078230123}},
{{-0.28819036225198436,-0.6199773158869665,-0.7297769816119604},{-0.29351079258495283,-0.668235293208231,0.683602960458088},{-0.9114810638412756,0.41120520509412617,0.010608937848566063}},
{{-0.28819036225198436,-0.6199773158869665,-0.7297769816119604},{-0.6199773158869664,-0.4600074910049522,0.6356266482809871},{-0.7297769816119604,0.635626648280987,-0.2518021467430634}},
{{-0.28819036225198436,-0.6199773158869665,-0.7297769816119604},{-0.8520579129535528,-0.18174771827445943,0.49088194087302106},{-0.43697096937703606,0.7632796962369828,-0.47587863708520567}},
{{-0.28819036225198436,-0.6199773158869665,-0.7297769816119604},{-0.9544204166971758,0.12418149701615105,0.2714049078230124},{-0.07764008820615936,0.7747303295885741,-0.6275069187817129}},
{{-0.28819036225198436,-0.6199773158869665,-0.7297769816119604},{-0.9114810638412758,0.41120520509412584,0.010608937848566397},{0.2935107925849524,0.6682352932082313,-0.683602960458088}},
{{-0.28819036225198436,-0.6199773158869665,-0.7297769816119604},{-0.7297769816119604,0.635626648280987,-0.25180214674306334},{0.6199773158869664,0.46000749100495225,-0.6356266482809871}},
{{-0.28819036225198436,-0.6199773158869665,-0.7297769816119604},{-0.4369709693770357,0.7632796962369828,-0.47587863708520584},{0.852057912953553,0.1817477182744591,-0.4908819408730208}},
{{-0.28819036225198436,-0.6199773158869665,-0.7297769816119604},{-0.07764008820615942,0.774730329588574,-0.6275069187817128},{0.9544204166971757,-0.12418149701615094,-0.2714049078230124}},
{{-0.28819036225198436,-0.6199773158869665,-0.7297769816119604},{0.2935107925849524,0.6682352932082313,-0.683602960458088},{0.9114810638412758,-0.41120520509412584,-0.010608937848566424}},
{{-0.28819036225198436,-0.6199773158869665,-0.7297769816119604},{0.6199773158869663,0.4600074910049523,-0.6356266482809872},{0.7297769816119604,-0.635626648280987,0.2518021467430633}},
{{0.7729305643919915,-0.3726067328019958,-0.5135587262419943},{0.5407741501909956,0.8102281051326046,0.2260392358384617},{0.331875972486536,-0.45243191788804155,0.8277461558728405}},
{{0.7729305643919915,-0.3726067328019958,-0.5135587262419943},{0.6266136053432951,0.5754149637485002,0.5255977635920738},{0.09966811038318474,-0.7280534610623965,0.6782362609059701}},
{{0.7729305643919915,-0.3726067328019958,-0.5135587262419943},{0.6170568193485553,0.25300011028332225,0.7451387963943841},{-0.14771331803233584,-0.892835464611061,0.4254710434431811}},
{{0.7729305643919915,-0.3726067328019958,-0.5135587262419943},{0.5135587262419943,-0.10793171652078071,0.8512392021456592},{-0.3726067328019957,-0.9216913622463325,0.10793171652078082}},
{{0.7729305643919915,-0.3726067328019958,-0.5135587262419943},{0.331875972486536,-0.4524319178880415,0.8277461558728405},{-0.5407741501909956,-0.8102281051326046,-0.22603923583846164}},
{{0.7729305643919915,-0.3726067328019958,-0.5135587262419943},{0.0996681103831848,-0.7280534610623964,0.6782362609059701},{-0.6266136053432951,-0.5754149637485002,-0.5255977635920737}},
{{0.7729305643919915,-0.3726067328019958,-0.5135587262419943},{-0.1477133180323358,-0.892835464611061,0.4254710434431811},{-0.6170568193485553,-0.2530001102833223,-0.7451387963943841}},
{{0.7729305643919915,-0.3726067328019958,-0.5135587262419943},{-0.3726067328019957,-0.9216913622463325,0.10793171652078087},{-0.5135587262419943,0.10793171652078065,-0.8512392021456592}},
{{0.7729305643919915,-0.3726067328019958,-0.5135587262419943},{-0.5407741501909956,-0.8102281051326046,-0.22603923583846158},{-0.33187597248653605,0.45243191788804143,-0.8277461558728406}},
{{0.7729305643919915,-0.3726067328019958,-0.5135587262419943},{-0.6266136053432951,-0.5754149637485003,-0.5255977635920737},{-0.09966811038318485,0.7280534610623964,-0.6782362609059702}},
{{0.7729305643919915,-0.3726067328019958,-0.5135587262419943},{-0.6170568193485553,-0.25300011028332275,-0.7451387963943839},{0.14771331803233553,0.8928354646110609,-0.42547104344318143}},
{{0.7729305643919915,-0.3726067328019958,-0.5135587262419943},{-0.5135587262419944,0.1079317165207806,-0.8512392021456592},{0.37260673280199563,0.9216913622463325,-0.10793171652078092}},
{{0.7729305643919915,-0.3726067328019958,-0.5135587262419943},{-0.33187597248653583,0.4524319178880417,-0.8277461558728405},{0.5407741501909957,0.8102281051326043,0.2260392358384619}},
{{0.7729305643919915,-0.3726067328019958,-0.5135587262419943},{-0.0996681103831849,0.7280534610623963,-0.6782362609059702},{0.626613605343295,0.5754149637485003,0.5255977635920736}},
{{0.7729305643919915,-0.3726067328019958,-0.5135587262419943},{0.1477133180323355,0.8928354646110609,-0.4254710434431815},{0.6170568193485553,0.2530001102833228,0.7451387963943839}},
{{0.7729305643919915,-0.3726067328019958,-0.5135587262419943},{0.37260673280199563,0.9216913622463325,-0.10793171652078097},{0.5135587262419944,-0.10793171652078054,0.8512392021456592}},
{{-0.8192363937435254,0.037163478616978475,0.5722504757736685},{-0.25332535349277024,0.8717979683478158,-0.4192786277195447},{-0.5144686544813661,-0.4884538650084642,-0.7047941723045293}},
{{-0.8192363937435254,0.037163478616978475,0.5722504757736685},{-0.43092073969933575,0.6185130978280363,-0.6570759955379166},{-0.3783636442142423,-0.7848951673136052,-0.4906939260523478}},
{{-0.8192363937435254,0.037163478616978475,0.5722504757736685},{-0.54291234959291,0.2710652149991322,-0.7948394994443727},{-0.1846561989904758,-0.9618432954876591,-0.20188997771021272}},
{{-0.8192363937435254,0.037163478616978475,0.5722504757736685},{-0.5722504757736683,-0.11764988960109699,-0.8115958947984279},{0.037163478616978406,-0.9923595010549029,0.11764988960109699}},
{{-0.8192363937435254,0.037163478616978475,0.5722504757736685},{-0.5144686544813661,-0.48845386500846416,-0.7047941723045293},{0.25332535349277024,-0.8717979683478158,0.41927862771954466}},
{{-0.8192363937435254,0.037163478616978475,0.5722504757736685},{-0.3783636442142423,-0.7848951673136051,-0.4906939260523478},{0.43092073969933564,-0.6185130978280364,0.6570759955379165}},
{{-0.8192363937435254,0.037163478616978475,0.5722504757736685},{-0.18465619899047586,-0.9618432954876591,-0.20188997771021278},{0.54291234959291,-0.2710652149991323,0.7948394994443727}},
{{-0.8192363937435254,0.037163478616978475,0.5722504757736685},{0.03716347861697837,-0.9923595010549029,0.11764988960109694},{0.5722504757736683,0.11764988960109692,0.8115958947984279}},
{{-0.8192363937435254,0.037163478616978475,0.5722504757736685},{0.2533253534927702,-0.8717979683478159,0.4192786277195446},{0.5144686544813661,0.4884538650084641,0.7047941723045293}},
{{-0.8192363937435254,0.037163478616978475,0.5722504757736685},{0.43092073969933564,-0.6185130978280364,0.6570759955379165},{0.37836364421424235,0.7848951673136051,0.4906939260523479}},
{{-0.8192363937435254,0.037163478616978475,0.5722504757736685},{0.5429123495929099,-0.2710652149991327,0.7948394994443726},{0.18465619899047614,0.961843295487659,0.20188997771021314}},
{{-0.8192363937435254,0.037163478616978475,0.5722504757736685},{0.5722504757736683,0.11764988960109686,0.8115958947984279},{-0.037163478616978336,0.9923595010549029,-0.11764988960109689}},
{{-0.8192363937435254,0.037163478616978475,0.5722504757736685},{0.514468654481366,0.48845386500846444,0.7047941723045292},{-0.2533253534927704,0.8717979683478156,-0.4192786277195449}},
{{-0.8192363937435254,0.037163478616978475,0.5722504757736685},{0.3783636442142424,0.784895167313605,0.4906939260523479},{-0.4309207396993356,0.6185130978280365,-0.6570759955379165}},
{{-0.8192363937435254,0.037163478616978475,0.5722504757736685},{0.18465619899047614,0.961843295487659,0.2018899777102132},{-0.5429123495929099,0.27106521499913283,-0.7948394994443726}},
{{-0.8192363937435254,0.037163478616978475,0.5722504757736685},{-0.0371634786169783,0.9923595010549029,-0.11764988960109685},{-0.5722504757736683,-0.11764988960109679,-0.8115958947984279}},
{{-0.3595499139848458,0.0037262061679984027,-0.9331184141046},{0.35364639190008645,0.925937084529099,-0.13256977404296474},{0.8635149615667007,-0.3776594112177609,-0.33423835846460503}},
{{-0.3595499139848458,0.0037262061679984027,-0.9331184141046},{0.6571795326139088,0.7109303210398161,-0.2503859831132495},{0.6624491839128904,-0.7032525819460727,-0.2580637222069931}},
{{-0.3595499139848458,0.0037262061679984027,-0.9331184141046},{0.8606630468345614,0.3876908607716298,-0.33008319600913105},{0.3605315231251486,-0.9217819220736249,-0.1426012235968336}},
{{-0.3595499139848458,0.0037262061679984027,-0.9331184141046},{0.9331184141046,0.00542898137736719,-0.3595282345242453},{0.0037262061679984595,-0.9999783205393994,-0.00542898137736715}},
{{-0.3595499139848458,0.0037262061679984027,-0.9331184141046},{0.8635149615667006,-0.37765941121776087,-0.33423835846460503},{-0.35364639190008645,-0.925937084529099,0.13256977404296472}},
{{-0.3595499139848458,0.0037262061679984027,-0.9331184141046},{0.6624491839128904,-0.7032525819460725,-0.2580637222069931},{-0.6571795326139087,-0.7109303210398161,0.25038598311324944}},
{{-0.3595499139848458,0.0037262061679984027,-0.9331184141046},{0.36053152312514863,-0.9217819220736249,-0.14260122359683364},{-0.8606630468345614,-0.38769086077162984,0.33008319600913105}},
{{-0.3595499139848458,0.0037262061679984027,-0.9331184141046},{0.0037262061679985163,-0.9999783205393994,-0.0054289813773671725},{-0.9331184141046,-0.0054289813773672506,0.3595282345242453}},
{{-0.3595499139848458,0.0037262061679984027,-0.9331184141046},{-0.3536463919000864,-0.9259370845290991,0.1325697740429647},{-0.8635149615667007,0.3776594112177608,0.33423835846460503}},
{{-0.3595499139848458,0.0037262061679984027,-0.9331184141046},{-0.6571795326139087,-0.7109303210398162,0.25038598311324944},{-0.6624491839128905,0.7032525819460725,0.25806372220699314}},
{{-0.3595499139848458,0.0037262061679984027,-0.9331184141046},{-0.8606630468345612,-0.3876908607716303,0.33008319600913094},{-0.3605315231251491,0.9217819220736246,0.1426012235968338}},
{{-0.3595499139848458,0.0037262061679984027,-0.9331184141046},{-0.9331184141046,-0.005428981377367312,0.3595282345242453},{-0.0037262061679985735,0.9999783205393994,0.005428981377367194}},
{{-0.3595499139848458,0.0037262061679984027,-0.9331184141046},{-0.8635149615667006,0.37765941121776114,0.334238358464605},{0.3536463919000867,0.9259370845290988,-0.13256977404296483}},
{{-0.3595499139848458,0.0037262061679984027,-0.9331184141046},{-0.6624491839128905,0.7032525819460724,0.25806372220699314},{0.6571795326139086,0.7109303210398162,-0.25038598311324944}},
{{-0.3595499139848458,0.0037262061679984027,-0.9331184141046},{-0.36053152312514913,0.9217819220736246,0.14260122359683383},{0.8606630468345612,0.38769086077163034,-0.33008319600913094}},
{{-0.3595499139848458,0.0037262061679984027,-0.9331184141046},{-0.0037262061679986308,0.9999783205393994,0.005428981377367217},{0.9331184141046,0.005428981377367373,-0.3595282345242453}},
{{-0.41373897968096374,0.8895435244029218,0.19373274087098297},{-0.8959693657118183,-0.43558957716723345,0.08660609660545293},{0.16142785508863516,-0.13774628291209565,0.9772241345491748}},
{{-0.41373897968096374,0.8895435244029218,0.19373274087098297},{-0.7659919930736155,-0.4551455152603862,0.45398108604375575},{0.49201252345815905,0.03943194303082065,0.8696946582733213}},
{{-0.41373897968096374,0.8895435244029218,0.19373274087098297},{-0.5193992832246632,-0.4054096745595152,0.7522415704806895},{0.7476927452358096,0.21060701309874819,0.6297620540770636}},
{{-0.41373897968096374,0.8895435244029218,0.19373274087098297},{-0.19373274087098302,-0.2939538859548094,0.9359800948987557},{0.889543524402922,0.34971907457971924,0.2939538859548094}},
{{-0.41373897968096374,0.8895435244029218,0.19373274087098297},{0.1614278550886351,-0.13774628291209565,0.9772241345491748},{0.8959693657118182,0.43558957716723345,-0.08660609660545288}},
{{-0.41373897968096374,0.8895435244029218,0.19373274087098297},{0.49201252345815893,0.03943194303082062,0.8696946582733213},{0.7659919930736155,0.45514551526038616,-0.45398108604375564}},
{{-0.41373897968096374,0.8895435244029218,0.19373274087098297},{0.7476927452358096,0.21060701309874816,0.6297620540770638},{0.5193992832246632,0.40540967455951527,-0.7522415704806895}},
{{-0.41373897968096374,0.8895435244029218,0.19373274087098297},{0.889543524402922,0.3497190745797192,0.2939538859548095},{0.19373274087098308,0.2939538859548095,-0.9359800948987557}},
{{-0.41373897968096374,0.8895435244029218,0.19373274087098297},{0.8959693657118182,0.43558957716723345,-0.08660609660545276},{-0.16142785508863502,0.13774628291209573,-0.9772241345491748}},
{{-0.41373897968096374,0.8895435244029218,0.19373274087098297},{0.7659919930736157,0.45514551526038627,-0.45398108604375564},{-0.4920125234581589,-0.03943194303082059,-0.8696946582733213}},
{{-0.41373897968096374,0.8895435244029218,0.19373274087098297},{0.5193992832246637,0.4054096745595153,-0.7522415704806892},{-0.7476927452358093,-0.21060701309874796,-0.6297620540770641}},
{{-0.41373897968096374,0.8895435244029218,0.19373274087098297},{0.19373274087098313,0.2939538859548095,-0.9359800948987557},{-0.889543524402922,-0.3497190745797192,-0.29395388595480954}},
{{-0.41373897968096374,0.8895435244029218,0.19373274087098297},{-0.1614278550886354,0.13774628291209556,-0.9772241345491747},{-0.8959693657118182,-0.43558957716723345,0.08660609660545315}},
{{-0.41373897968096374,0.8895435244029218,0.19373274087098297},{-0.49201252345815877,-0.039431943030820565,-0.8696946582733212},{-0.7659919930736157,-0.4551455152603862,0.45398108604375553}},
{{-0.41373897968096374,0.8895435244029218,0.19373274087098297},{-0.7476927452358093,-0.21060701309874796,-0.6297620540770641},{-0.5193992832246637,-0.4054096745595154,0.7522415704806892}},
{{-0.41373897968096374,0.8895435244029218,0.19373274087098297},{-0.889543524402922,-0.3497190745797192,-0.2939538859548096},{-0.1937327408709832,-0.29395388595480954,0.9359800948987556}},
{{-0.827811547382656,0.5107936072787878,-0.23198692373290353},{-0.38313420686455446,-0.21268044361646565,0.8988744119360459},{0.40980022151067885,0.8329807438748071,0.3717618307244193}},
{{-0.827811547382656,0.5107936072787878,-0.23198692373290353},{-0.19714609657542648,0.1222768213373635,0.9727187648897823},{0.5252251504117118,0.8509631424020397,-0.0005211988496209852}},
{{-0.827811547382656,0.5107936072787878,-0.23198692373290353},{0.018855719783494346,0.4386185486847247,0.8984755036066105},{0.5606893113404062,0.7393941164986568,-0.37272488062348585}},
{{-0.827811547382656,0.5107936072787878,-0.23198692373290353},{0.2319869237329037,0.6881845780818816,0.6874474916000544},{0.5107936072787879,0.5152590389827103,-0.6881845780818816}},
{{-0.827811547382656,0.5107936072787878,-0.23198692373290353},{0.40980022151067885,0.8329807438748071,0.3717618307244194},{0.38313420686455446,0.2126804436164657,-0.8988744119360459}},
{{-0.827811547382656,0.5107936072787878,-0.23198692373290353},{0.5252251504117118,0.8509631424020396,-0.0005211988496209297},{0.1971460965754265,-0.12227682133736345,-0.9727187648897822}},
{{-0.827811547382656,0.5107936072787878,-0.23198692373290353},{0.5606893113404062,0.7393941164986568,-0.3727248806234858},{-0.018855719783494318,-0.4386185486847247,-0.8984755036066105}},
{{-0.827811547382656,0.5107936072787878,-0.23198692373290353},{0.5107936072787879,0.5152590389827104,-0.6881845780818815},{-0.23198692373290367,-0.6881845780818815,-0.6874474916000545}},
{{-0.827811547382656,0.5107936072787878,-0.23198692373290353},{0.3831342068645545,0.21268044361646576,-0.8988744119360459},{-0.40980022151067885,-0.832980743874807,-0.3717618307244195}},
{{-0.827811547382656,0.5107936072787878,-0.23198692373290353},{0.19714609657542656,-0.1222768213373634,-0.9727187648897823},{-0.5252251504117118,-0.8509631424020397,0.0005211988496208741}},
{{-0.827811547382656,0.5107936072787878,-0.23198692373290353},{-0.01885571978349404,-0.4386185486847243,-0.8984755036066108},{-0.5606893113404062,-0.739394116498657,0.3727248806234853}},
{{-0.827811547382656,0.5107936072787878,-0.23198692373290353},{-0.23198692373290364,-0.6881845780818815,-0.6874474916000545},{-0.5107936072787879,-0.5152590389827104,0.6881845780818815}},
{{-0.827811547382656,0.5107936072787878,-0.23198692373290353},{-0.40980022151067896,-0.8329807438748071,-0.37176183072441915},{-0.38313420686455435,-0.21268044361646543,0.898874411936046}},
{{-0.827811547382656,0.5107936072787878,-0.23198692373290353},{-0.5252251504117117,-0.8509631424020396,0.0005211988496207631},{-0.1971460965754266,0.12227682133736328,0.9727187648897822}},
{{-0.827811547382656,0.5107936072787878,-0.23198692373290353},{-0.5606893113404063,-0.7393941164986572,0.37272488062348524},{0.018855719783493985,0.4386185486847242,0.8984755036066108}},
{{-0.827811547382656,0.5107936072787878,-0.23198692373290353},{-0.510793607278788,-0.5152590389827105,0.6881845780818814},{0.23198692373290358,0.6881845780818815,0.6874474916000546}},
{{0.15292356475292618,-0.8529090491225882,0.49915983138475895},{0.596965016004924,0.4822571390360322,0.6411402510488808},{-0.7875577140816408,0.19993550403463636,0.5829053449891473}},
{{0.15292356475292618,-0.8529090491225882,0.49915983138475895},{0.2501384707018556,0.5220595050984589,0.8154045735776128},{-0.9560570740380491,0.00016450275105123202,0.2931805657281026}},
{{0.15292356475292618,-0.8529090491225882,0.49915983138475895},{-0.13476938925468673,0.48238304399084375,0.8655309414400192},{-0.979005411151122,-0.19963154258516025,-0.04117829697659914}},
{{0.15292356475292618,-0.8529090491225882,0.49915983138475895},{-0.4991598313847589,0.3692681372488055,0.7838880695257048},{-0.8529090491225882,-0.3690354952272211,-0.3692681372488054}},
{{0.15292356475292618,-0.8529090491225882,0.49915983138475895},{-0.7875577140816408,0.19993550403463636,0.5829053449891473},{-0.596965016004924,-0.4822571390360321,-0.6411402510488808}},
{{0.15292356475292618,-0.8529090491225882,0.49915983138475895},{-0.9560570740380491,0.00016450275105128753,0.2931805657281026},{-0.25013847070185563,-0.5220595050984589,-0.8154045735776128}},
{{0.15292356475292618,-0.8529090491225882,0.49915983138475895},{-0.979005411151122,-0.19963154258516022,-0.04117829697659914},{0.13476938925468668,-0.48238304399084375,-0.8655309414400192}},
{{0.15292356475292618,-0.8529090491225882,0.49915983138475895},{-0.8529090491225884,-0.36903549522722107,-0.36926813724880536},{0.49915983138475883,-0.36926813724880553,-0.7838880695257048}},
{{0.15292356475292618,-0.8529090491225882,0.49915983138475895},{-0.596965016004924,-0.4822571390360322,-0.6411402510488808},{0.7875577140816408,-0.19993550403463645,-0.5829053449891473}},
{{0.15292356475292618,-0.8529090491225882,0.49915983138475895},{-0.25013847070185574,-0.522059505098459,-0.8154045735776128},{0.9560570740380492,-0.00016450275105134304,-0.2931805657281027}},
{{0.15292356475292618,-0.8529090491225882,0.49915983138475895},{0.13476938925468618,-0.48238304399084386,-0.8655309414400192},{0.979005411151122,0.19963154258516003,0.041178296976598694}},
{{0.15292356475292618,-0.8529090491225882,0.49915983138475895},{0.4991598313847588,-0.36926813724880553,-0.7838880695257049},{0.8529090491225884,0.36903549522722107,0.3692681372488053}},
{{0.15292356475292618,-0.8529090491225882,0.49915983138475895},{0.787557714081641,-0.19993550403463628,-0.582905344989147},{0.5969650160049238,0.48225713903603223,0.6411402510488811}},
{{0.15292356475292618,-0.8529090491225882,0.49915983138475895},{0.956057074038049,-0.00016450275105134304,-0.29318056572810275},{0.2501384707018558,0.5220595050984589,0.8154045735776128}},
{{0.15292356475292618,-0.8529090491225882,0.49915983138475895},{0.979005411151122,0.19963154258516,0.041178296976598694},{-0.13476938925468612,0.48238304399084386,0.8655309414400192}},
{{0.15292356475292618,-0.8529090491225882,0.49915983138475895},{0.8529090491225884,0.369035495227221,0.3692681372488053},{-0.4991598313847587,0.3692681372488056,0.7838880695257049}},
{{0.14057618120304044,0.8838182639842542,0.44621027949412834},{-0.987298885868109,0.15883393387257033,-0.003562501109324323},{-0.07402193757231645,-0.44004210900597046,0.8949210552108033}},
{{0.14057618120304044,0.8838182639842542,0.44621027949412834},{-0.9404722022652313,-0.021653404086458827,0.33918013924440477},{0.30943557333434557,-0.4673290129441216,0.8281625562749853}},
{{0.14057618120304044,0.8838182639842542,0.44621027949412834},{-0.7504671512692154,-0.19884420756192148,0.6302856780737919},{0.6457843232413107,-0.42346931100958185,0.6353238154585676}},
{{0.14057618120304044,0.8838182639842542,0.44621027949412834},{-0.44621027949412845,-0.34576278296331175,0.8254359359703438},{0.8838182639842543,-0.3151402452326967,0.3457627829633118}},
{{0.14057618120304044,0.8838182639842542,0.44621027949412834},{-0.07402193757231651,-0.44004210900597046,0.8949210552108033},{0.987298885868109,-0.15883393387257036,0.0035625011093243786}},
{{0.14057618120304044,0.8838182639842542,0.44621027949412834},{0.30943557333434546,-0.46732901294412155,0.8281625562749851},{0.9404722022652312,0.0216534040864588,-0.33918013924440465}},
{{0.14057618120304044,0.8838182639842542,0.44621027949412834},{0.6457843232413107,-0.42346931100958185,0.6353238154585676},{0.7504671512692155,0.19884420756192145,-0.6302856780737919}},
{{0.14057618120304044,0.8838182639842542,0.44621027949412834},{0.8838182639842543,-0.31514024523269674,0.34576278296331187},{0.4462102794941285,0.3457627829633117,-0.8254359359703438}},
{{0.14057618120304044,0.8838182639842542,0.44621027949412834},{0.9872988858681091,-0.15883393387257042,0.003562501109324434},{0.07402193757231662,0.4400421090059704,-0.8949210552108035}},
{{0.14057618120304044,0.8838182639842542,0.44621027949412834},{0.9404722022652314,0.021653404086458772,-0.3391801392444046},{-0.3094355733343454,0.46732901294412166,-0.8281625562749853}},
{{0.14057618120304044,0.8838182639842542,0.44621027949412834},{0.7504671512692158,0.19884420756192123,-0.6302856780737915},{-0.6457843232413103,0.42346931100958196,-0.635323815458568}},
{{0.14057618120304044,0.8838182639842542,0.44621027949412834},{0.44621027949412856,0.3457627829633117,-0.8254359359703437},{-0.8838182639842542,0.31514024523269674,-0.3457627829633119}},
{{0.14057618120304044,0.8838182639842542,0.44621027949412834},{0.07402193757231618,0.4400421090059705,-0.8949210552108033},{-0.987298885868109,0.1588339338725702,-0.003562501109324101}},
{{0.14057618120304044,0.8838182639842542,0.44621027949412834},{-0.3094355733343453,0.4673290129441216,-0.8281625562749853},{-0.9404722022652313,-0.021653404086458744,0.3391801392444045}},
{{0.14057618120304044,0.8838182639842542,0.44621027949412834},{-0.6457843232413103,0.42346931100958196,-0.6353238154585681},{-0.7504671512692158,-0.19884420756192117,0.6302856780737915}},
{{0.14057618120304044,0.8838182639842542,0.44621027949412834},{-0.8838182639842542,0.3151402452326968,-0.345762782963312},{-0.4462102794941286,-0.3457627829633117,0.8254359359703437}},
{{0.8795353134986681,0.15546187786994134,0.44972128795283034},{-0.31572893313124595,0.8977646665175805,0.30713815187368537},{-0.3559956082490428,-0.41212887314737995,0.8386995402560234}},
{{0.8795353134986681,0.15546187786994134,0.44972128795283034},{-0.4279291204132244,0.6717115086546175,0.6047150709576389},{-0.2080728242975638,-0.7243170946968527,0.6573206569998741}},
{{0.8795353134986681,0.15546187786994134,0.44972128795283034},{-0.4749809782994258,0.3433963626789779,0.8102296022440606},{-0.028472839031629837,-0.9262346045295433,0.37587066234208744}},
{{0.8795353134986681,0.15546187786994134,0.44972128795283034},{-0.44972128795282995,-0.03719776661875684,0.8923940213384582},{0.1554618778699412,-0.9871412921602095,0.0371977666187569}},
{{0.8795353134986681,0.15546187786994134,0.44972128795283034},{-0.3559956082490428,-0.4121288731473799,0.8386995402560234},{0.3157289331312459,-0.8977646665175805,-0.3071381518736853}},
{{0.8795353134986681,0.15546187786994134,0.44972128795283034},{-0.2080728242975638,-0.7243170946968526,0.6573206569998741},{0.42792912041322434,-0.6717115086546175,-0.6047150709576388}},
{{0.8795353134986681,0.15546187786994134,0.44972128795283034},{-0.028472839031629865,-0.9262346045295433,0.3758706623420875},{0.4749809782994258,-0.34339636267897794,-0.8102296022440606}},
{{0.8795353134986681,0.15546187786994134,0.44972128795283034},{0.15546187786994117,-0.9871412921602095,0.037197766618756956},{0.44972128795282995,0.03719776661875678,-0.8923940213384582}},
{{0.8795353134986681,0.15546187786994134,0.44972128795283034},{0.3157289331312459,-0.8977646665175806,-0.30713815187368526},{0.35599560824904286,0.41212887314737984,-0.8386995402560236}},
{{0.8795353134986681,0.15546187786994134,0.44972128795283034},{0.4279291204132244,-0.6717115086546176,-0.6047150709576388},{0.20807282429756385,0.7243170946968526,-0.6573206569998742}},
{{0.8795353134986681,0.15546187786994134,0.44972128795283034},{0.47498097829942576,-0.3433963626789784,-0.8102296022440604},{0.028472839031630087,0.9262346045295431,-0.3758706623420879}},
{{0.8795353134986681,0.15546187786994134,0.44972128795283034},{0.44972128795283,0.03719776661875672,-0.8923940213384582},{-0.15546187786994115,0.9871412921602095,-0.03719776661875701}},
{{0.8795353134986681,0.15546187786994134,0.44972128795283034},{0.3559956082490427,0.41212887314738017,-0.8386995402560233},{-0.315728933131246,0.8977646665175804,0.3071381518736856}},
{{0.8795353134986681,0.15546187786994134,0.44972128795283034},{0.20807282429756385,0.7243170946968525,-0.6573206569998742},{-0.4279291204132243,0.6717115086546176,0.6047150709576387}},
{{0.8795353134986681,0.15546187786994134,0.44972128795283034},{0.028472839031630115,0.9262346045295431,-0.37587066234208794},{-0.4749809782994258,0.34339636267897844,0.8102296022440604}},
{{0.8795353134986681,0.15546187786994134,0.44972128795283034},{-0.15546187786994112,0.9871412921602095,-0.03719776661875706},{-0.44972128795283,-0.03719776661875666,0.8923940213384582}},
{{-0.36557634570588177,-0.44168269813885713,0.819310887041735},{0.09452490224763349,0.8580717499933113,0.5047553018230627},{-0.9259692102415775,0.2619718802241865,-0.27194072084995935}},
{{-0.36557634570588177,-0.44168269813885713,0.819310887041735},{-0.26702345314041953,0.8930072255522902,0.36226588382618546},{-0.8916571151139331,-0.08633938427033538,-0.4444019574557693}},
{{-0.36557634570588177,-0.44168269813885713,0.819310887041735},{-0.5879199083614741,0.7919904461515908,0.164624768965186},{-0.7215983071020686,-0.42150626017816595,-0.5492070245527144}},
{{-0.36557634570588177,-0.44168269813885713,0.819310887041735},{-0.819310887041735,0.5704003007355838,-0.05807897464351624},{-0.44168269813885713,-0.6925026289376344,-0.5704003007355838}},
{{-0.36557634570588177,-0.44168269813885713,0.819310887041735},{-0.9259692102415775,0.26197188022418655,-0.27194072084995935},{-0.09452490224763355,-0.8580717499933113,-0.5047553018230627}},
{{-0.36557634570588177,-0.44168269813885713,0.819310887041735},{-0.891657115113933,-0.08633938427033527,-0.44440195745576927},{0.2670234531404194,-0.8930072255522901,-0.3622658838261855}},
{{-0.36557634570588177,-0.44168269813885713,0.819310887041735},{-0.7215983071020686,-0.42150626017816595,-0.5492070245527144},{0.5879199083614741,-0.7919904461515908,-0.16462476896518602}},
{{-0.36557634570588177,-0.44168269813885713,0.819310887041735},{-0.4416826981388572,-0.6925026289376343,-0.5704003007355838},{0.819310887041735,-0.5704003007355839,0.058078974643516204}},
{{-0.36557634570588177,-0.44168269813885713,0.819310887041735},{-0.09452490224763366,-0.8580717499933114,-0.5047553018230627},{0.9259692102415775,-0.2619718802241866,0.2719407208499593}},
{{-0.36557634570588177,-0.44168269813885713,0.819310887041735},{0.2670234531404194,-0.8930072255522902,-0.3622658838261855},{0.8916571151139332,0.08633938427033522,0.44440195745576927}},
{{-0.36557634570588177,-0.44168269813885713,0.819310887041735},{0.5879199083614737,-0.7919904461515908,-0.1646247689651863},{0.721598307102069,0.4215062601781656,0.5492070245527142}},
{{-0.36557634570588177,-0.44168269813885713,0.819310887041735},{0.8193108870417349,-0.5704003007355839,0.05807897464351617},{0.44168269813885724,0.6925026289376343,0.5704003007355838}},
{{-0.36557634570588177,-0.44168269813885713,0.819310887041735},{0.9259692102415775,-0.2619718802241862,0.27194072084995946},{0.09452490224763332,0.8580717499933115,0.5047553018230626}},
{{-0.36557634570588177,-0.44168269813885713,0.819310887041735},{0.8916571151139331,0.08633938427033516,0.44440195745576916},{-0.2670234531404194,0.8930072255522901,0.3622658838261856}},
