{{0.,0.,-1.},{0.7071067811865476,0.7071067811865476,0.},{0.7071067811865476,-0.7071067811865476,0.}},
{{0.,0.,-1.},{1.,6.123233995736766e-17,0.},{6.123233995736766e-17,-1.,0.}},
{{0.,0.,-1.},{0.7071067811865476,-0.7071067811865475,0.},{-0.7071067811865475,-0.7071067811865476,0.}},
{{0.,0.,-1.},{1.2246467991473532e-16,-1.,0.},{-1.,-1.2246467991473532e-16,0.}},
{{0.,0.,-1.},{-0.7071067811865475,-0.7071067811865477,0.},{-0.7071067811865477,0.7071067811865475,0.}},
{{0.,0.,-1.},{-1.,-1.8369701987210297e-16,0.},{-1.8369701987210297e-16,1.,0.}},
{{0.,0.,-1.},{-0.7071067811865477,0.7071067811865474,0.},{0.7071067811865474,0.7071067811865477,0.}},
{{0.,0.,-1.},{-2.4492935982947064e-16,1.,0.},{1.,2.4492935982947064e-16,0.}},
{{-0.70364852917208,0.,0.7105482020200807},{-0.5024334520083081,0.7071067811865476,-0.4975546465495179},{-0.5024334520083081,-0.7071067811865476,-0.4975546465495179}},
{{-0.70364852917208,0.,0.7105482020200807},{-0.710548202020081,6.123233995736766e-17,-0.7036485291720799},{-4.350852906218995e-17,-1.,-4.308604594876653e-17}},
{{-0.70364852917208,0.,0.7105482020200807},{-0.5024334520083081,-0.7071067811865475,-0.4975546465495179},{0.5024334520083081,-0.7071067811865476,0.49755464654951786}},
{{-0.70364852917208,0.,0.7105482020200807},{-8.70170581243799e-17,-1.,-8.617209189753306e-17},{0.710548202020081,-1.2246467991473532e-16,0.7036485291720799}},
{{-0.70364852917208,0.,0.7105482020200807},{0.5024334520083081,-0.7071067811865477,0.49755464654951786},{0.5024334520083082,0.7071067811865475,0.497554646549518}},
{{-0.70364852917208,0.,0.7105482020200807},{0.710548202020081,-1.8369701987210297e-16,0.7036485291720799},{1.3052558718656984e-16,1.,1.2925813784629958e-16}},
{{-0.70364852917208,0.,0.7105482020200807},{0.5024334520083082,0.7071067811865474,0.497554646549518},{-0.502433452008308,0.7071067811865477,-0.49755464654951775}},
{{-0.70364852917208,0.,0.7105482020200807},{1.740341162487598e-16,1.,1.723441837950661e-16},{-0.710548202020081,2.4492935982947064e-16,-0.7036485291720799}},
{{0.3518233833000784,0.8660257190411931,-0.3552742052590792},{-0.3611558588966271,0.4757376051161094,0.8020225537121937},{0.8635894583353398,-0.15386092758583345,0.4801458761819175}},
{{0.3518233833000784,0.8660257190411931,-0.3552742052590792},{0.3552742052590792,0.2276011813874538,0.9066299914014344},{0.8660257190411931,-0.44519339189864404,-0.22760118138745378}},
{{0.3518233833000784,0.8660257190411931,-0.3552742052590792},{0.8635894583353396,-0.1538609275858334,0.48014587618191756},{0.36115585889662716,-0.4757376051161094,-0.8020225537121936}},
{{0.3518233833000784,0.8660257190411931,-0.3552742052590792},{0.8660257190411931,-0.445193391898644,-0.22760118138745372},{-0.35527420525907916,-0.22760118138745383,-0.9066299914014344}},
{{0.3518233833000784,0.8660257190411931,-0.3552742052590792},{0.36115585889662727,-0.4757376051161094,-0.8020225537121936},{-0.8635894583353397,0.15386092758583336,-0.4801458761819177}},
{{0.3518233833000784,0.8660257190411931,-0.3552742052590792},{-0.3552742052590791,-0.22760118138745386,-0.9066299914014344},{-0.8660257190411932,0.445193391898644,0.22760118138745367}},
{{0.3518233833000784,0.8660257190411931,-0.3552742052590792},{-0.8635894583353396,0.1538609275858333,-0.48014587618191773},{-0.36115585889662727,0.4757376051161094,0.8020225537121934}},
{{0.3518233833000784,0.8660257190411931,-0.3552742052590792},{-0.8660257190411932,0.445193391898644,0.2276011813874536},{0.35527420525907905,0.2276011813874539,0.9066299914014345}},
{{0.351825207762012,-0.8660249992860295,-0.3552741530070121},{0.8635889124437919,0.15386248378162512,0.48014635934129324},{-0.3611553869006612,-0.47573841204613887,0.8020222876058071}},
{{0.351825207762012,-0.8660249992860295,-0.3552741530070121},{0.3552741530070122,-0.22760065157655238,0.9066301448810749},{-0.8660249992860296,-0.445195062880937,0.2276006515765525}},
{{0.351825207762012,-0.8660249992860295,-0.3552741530070121},{-0.36115538690066107,-0.47573841204613887,0.8020222876058071},{-0.8635889124437919,-0.15386248378162515,-0.4801463593412931}},
{{0.351825207762012,-0.8660249992860295,-0.3552741530070121},{-0.8660249992860296,-0.4451950628809371,0.22760065157655254},{-0.35527415300701226,0.22760065157655235,-0.9066301448810749}},
{{0.351825207762012,-0.8660249992860295,-0.3552741530070121},{-0.863588912443792,-0.1538624837816252,-0.4801463593412931},{0.361155386900661,0.47573841204613887,-0.8020222876058072}},
{{0.351825207762012,-0.8660249992860295,-0.3552741530070121},{-0.3552741530070123,0.22760065157655232,-0.9066301448810749},{0.8660249992860295,0.4451950628809371,-0.2276006515765526}},
{{0.351825207762012,-0.8660249992860295,-0.3552741530070121},{0.361155386900661,0.4757384120461388,-0.8020222876058072},{0.8635889124437919,0.15386248378162523,0.480146359341293}},
{{0.351825207762012,-0.8660249992860295,-0.3552741530070121},{0.8660249992860295,0.4451950628809371,-0.22760065157655265},{0.35527415300701237,-0.2276006515765523,0.9066301448810747}},
{{0.2499874326480049,0.615353391443012,0.7475603568660146},{-0.9637255536016884,0.23267658105821581,0.13074657151214286},{-0.09348444177070053,-0.7531280185112244,0.6511980089651513}},
{{0.2499874326480049,0.615353391443012,0.7475603568660146},{-0.7475603568660147,-0.3680147407013086,0.5529183153675647},{0.6153533914430122,-0.6970691172804402,0.36801474070130863}},
{{0.2499874326480049,0.615353391443012,0.7475603568660146},{-0.09348444177070064,-0.7531280185112244,0.6511980089651512},{0.9637255536016884,-0.23267658105821587,-0.1307465715121428}},
{{0.2499874326480049,0.615353391443012,0.7475603568660146},{0.615353391443012,-0.6970691172804402,0.36801474070130863},{0.7475603568660149,0.3680147407013085,-0.5529183153675647}},
{{0.2499874326480049,0.615353391443012,0.7475603568660146},{0.9637255536016884,-0.23267658105821593,-0.13074657151214275},{0.09348444177070075,0.7531280185112244,-0.6511980089651513}},
{{0.2499874326480049,0.615353391443012,0.7475603568660146},{0.7475603568660149,0.3680147407013085,-0.5529183153675646},{-0.615353391443012,0.6970691172804403,-0.3680147407013087}},
{{0.2499874326480049,0.615353391443012,0.7475603568660146},{0.09348444177070081,0.7531280185112244,-0.6511980089651513},{-0.9637255536016883,0.23267658105821598,0.1307465715121427}},
{{0.2499874326480049,0.615353391443012,0.7475603568660146},{-0.6153533914430119,0.6970691172804403,-0.3680147407013087},{-0.7475603568660149,-0.36801474070130846,0.5529183153675646}},
{{0.9999523928043325,8.99465000000299e-7,-0.009757670013003244},{0.006899078616974276,0.7071067842893612,0.7070731209190434},{0.006900350652576157,-0.7071067780831617,0.7070731147128438}},
{{0.9999523928043325,8.99465000000299e-7,-0.009757670013003244},{0.009757670013003237,4.388445851084448e-9,0.9999523928047367},{8.994650000008961e-7,-0.9999999999995953,-4.38844572860913e-9}},
{{0.9999523928043325,8.99465000000299e-7,-0.009757670013003244},{0.006900350652576157,-0.7071067780831616,0.7070731147128438},{-0.006899078616974275,-0.7071067842893612,-0.7070731209190433}},
{{0.9999523928043325,8.99465000000299e-7,-0.009757670013003244},{8.994650000014935e-7,-0.9999999999995953,-4.388445667379706e-9},{-0.009757670013003237,-4.388445912316788e-9,-0.9999523928047367}},
{{0.9999523928043325,8.99465000000299e-7,-0.009757670013003244},{-0.006899078616974275,-0.7071067842893614,-0.7070731209190433},{-0.0069003506525761584,0.7071067780831616,-0.707073114712844}},
{{0.9999523928043325,8.99465000000299e-7,-0.009757670013003244},{-0.009757670013003237,-4.388445973549127e-9,-0.9999523928047367},{-8.99465000002091e-7,0.9999999999995953,4.3884456061502805e-9}},
{{0.9999523928043325,8.99465000000299e-7,-0.009757670013003244},{-0.0069003506525761584,0.7071067780831615,-0.707073114712844},{0.006899078616974274,0.7071067842893614,0.7070731209190432}},
{{0.9999523928043325,8.99465000000299e-7,-0.009757670013003244},{-8.994650000026885e-7,0.9999999999995953,4.388445544920855e-9},{0.009757670013003237,4.3884460347814675e-9,0.9999523928047367}},
{{0.24998852849497272,-0.6153523991819329,0.7475608071869184},{-0.09348546183020312,0.7531284061170662,0.6511974142500578},{-0.9637251703921154,-0.23267795065413166,0.1307469587871231}},
{{0.24998852849497272,-0.6153523991819329,0.7475608071869184},{-0.7475608071869184,0.3680140463294683,0.5529181686852539},{-0.615352399181933,-0.697070359809719,-0.36801404632946827}},
{{0.24998852849497272,-0.6153523991819329,0.7475608071869184},{-0.9637251703921152,-0.2326779506541316,0.13074695878712317},{0.09348546183020301,-0.7531284061170662,-0.6511974142500577}},
{{0.24998852849497272,-0.6153523991819329,0.7475608071869184},{-0.6153523991819331,-0.697070359809719,-0.36801404632946827},{0.7475608071869183,-0.3680140463294684,-0.5529181686852539}},
{{0.24998852849497272,-0.6153523991819329,0.7475608071869184},{0.0934854618302029,-0.7531284061170663,-0.6511974142500578},{0.9637251703921152,0.23267795065413155,-0.13074695878712322}},
{{0.24998852849497272,-0.6153523991819329,0.7475608071869184},{0.7475608071869183,-0.3680140463294684,-0.552918168685254},{0.6153523991819331,0.6970703598097189,0.3680140463294682}},
{{0.24998852849497272,-0.6153523991819329,0.7475608071869184},{0.9637251703921152,0.23267795065413144,-0.13074695878712322},{-0.09348546183020279,0.7531284061170662,0.6511974142500576}},
{{0.24998852849497272,-0.6153523991819329,0.7475608071869184},{0.6153523991819332,0.6970703598097189,0.3680140463294682},{-0.7475608071869183,0.36801404632946844,0.552918168685254}},
{{-0.7499634760780092,-0.6153541210880075,-0.242681046250003},{0.6067224853212413,-0.7860717986583106,0.11823262307715798},{-0.2635196583835947,-0.05856989853239436,0.9628743202678629}},
{{-0.7499634760780092,-0.6153541210880075,-0.242681046250003},{0.24268104625000306,-0.5972518717564619,0.7644580508271248},{-0.6153541210880075,0.5144215269051338,0.5972518717564619}},
{{-0.7499634760780092,-0.6153541210880075,-0.242681046250003},{-0.2635196583835946,-0.058569898532394415,0.9628743202678629},{-0.6067224853212413,0.7860717986583106,-0.11823262307715787}},
{{-0.7499634760780092,-0.6153541210880075,-0.242681046250003},{-0.6153541210880075,0.5144215269051337,0.597251871756462},{-0.2426810462500031,0.597251871756462,-0.7644580508271247}},
{{-0.7499634760780092,-0.6153541210880075,-0.242681046250003},{-0.6067224853212414,0.7860717986583106,-0.11823262307715782},{0.2635196583835946,0.05856989853239447,-0.9628743202678629}},
{{-0.7499634760780092,-0.6153541210880075,-0.242681046250003},{-0.24268104625000314,0.597251871756462,-0.7644580508271247},{0.6153541210880075,-0.5144215269051337,-0.597251871756462}},
{{-0.7499634760780092,-0.6153541210880075,-0.242681046250003},{0.26351965838359453,0.058569898532394526,-0.9628743202678628},{0.6067224853212413,-0.7860717986583106,0.1182326230771577}},
{{-0.7499634760780092,-0.6153541210880075,-0.242681046250003},{0.6153541210880074,-0.5144215269051337,-0.5972518717564621},{0.24268104625000317,-0.597251871756462,0.7644580508271247}},
{{-0.749965039913832,0.6153517476408621,-0.24268223169894557},{-0.2635171418640373,0.05857453704165777,0.962874726822843},{0.6067216452796561,0.7860733110122058,0.11822687876897936}},
{{-0.749965039913832,0.6153517476408621,-0.24268223169894557},{0.24268223169894568,0.5972562210735115,0.7644542764656418},{0.6153517476408621,0.5144193163794739,-0.5972562210735115}},
{{-0.749965039913832,0.6153517476408621,-0.24268223169894557},{0.6067216452796561,0.7860733110122058,0.11822687876897947},{0.2635171418640373,-0.05857453704165766,-0.9628747268228428}},
{{-0.749965039913832,0.6153517476408621,-0.24268223169894557},{0.6153517476408621,0.514419316379474,-0.5972562210735114},{-0.24268223169894562,-0.5972562210735114,-0.7644542764656419}},
{{-0.749965039913832,0.6153517476408621,-0.24268223169894557},{0.26351714186403735,-0.058574537041657604,-0.9628747268228429},{-0.6067216452796561,-0.7860733110122058,-0.11822687876897947}},
{{-0.749965039913832,0.6153517476408621,-0.24268223169894557},{-0.2426822316989456,-0.5972562210735114,-0.7644542764656419},{-0.6153517476408621,-0.514419316379474,0.5972562210735114}},
{{-0.749965039913832,0.6153517476408621,-0.24268223169894557},{-0.606721645279656,-0.7860733110122058,-0.11822687876897953},{-0.2635171418640374,0.05857453704165755,0.9628747268228428}},
{{-0.749965039913832,0.6153517476408621,-0.24268223169894557},{-0.6153517476408622,-0.514419316379474,0.5972562210735113},{0.24268223169894557,0.5972562210735114,0.7644542764656419}}