{{0.,0.,-1.},{0.7071067811865476,0.7071067811865476,0.},{0.7071067811865476,-0.7071067811865476,0.}},
{{0.,0.,-1.},{1.,6.123233995736766e-17,0.},{6.123233995736766e-17,-1.,0.}},
{{0.,0.,-1.},{0.7071067811865476,-0.7071067811865475,0.},{-0.7071067811865475,-0.7071067811865476,0.}},
{{0.,0.,-1.},{1.2246467991473532e-16,-1.,0.},{-1.,-1.2246467991473532e-16,0.}},
{{0.,0.,-1.},{-0.7071067811865475,-0.7071067811865477,0.},{-0.7071067811865477,0.7071067811865475,0.}},
{{0.,0.,-1.},{-1.,-1.8369701987210297e-16,0.},{-1.8369701987210297e-16,1.,0.}},
{{0.,0.,-1.},{-0.7071067811865477,0.7071067811865474,0.},{0.7071067811865474,0.7071067811865477,0.}},
{{0.,0.,-1.},{-2.4492935982947064e-16,1.,0.},{1.,2.4492935982947064e-16,0.}},
{{-0.5587980199767267,0.,0.8293037880475946},{-0.5864063321921456,0.7071067811865476,-0.3951298692391593},{-0.5864063321921456,-0.7071067811865476,-0.3951298692391593}},
{{-0.5587980199767267,0.,0.8293037880475946},{-0.8293037880475946,6.123233995736766e-17,-0.5587980199767267},{-5.078021147766309e-17,-1.,-3.421651032671886e-17}},
{{-0.5587980199767267,0.,0.8293037880475946},{-0.5864063321921456,-0.7071067811865475,-0.3951298692391593},{0.5864063321921454,-0.7071067811865476,0.39512986923915927}},
{{-0.5587980199767267,0.,0.8293037880475946},{-1.0156042295532618e-16,-1.,-6.843302065343772e-17},{0.8293037880475946,-1.2246467991473532e-16,0.5587980199767267}},
{{-0.5587980199767267,0.,0.8293037880475946},{0.5864063321921454,-0.7071067811865477,0.39512986923915927},{0.5864063321921457,0.7071067811865475,0.39512986923915944}},
{{-0.5587980199767267,0.,0.8293037880475946},{0.8293037880475946,-1.8369701987210297e-16,0.5587980199767267},{1.5234063443298925e-16,1.,1.0264953098015657e-16}},
{{-0.5587980199767267,0.,0.8293037880475946},{0.5864063321921457,0.7071067811865474,0.39512986923915944},{-0.5864063321921453,0.7071067811865477,-0.3951298692391592}},
{{-0.5587980199767267,0.,0.8293037880475946},{2.0312084591065236e-16,1.,1.3686604130687543e-16},{-0.8293037880475946,2.4492935982947064e-16,-0.5587980199767267}},
{{-0.8343674504779568,-0.4856239752389748,-0.2607686949309866},{0.5277793185051138,-0.840308213275398,-0.12381880979958731},{-0.15899669349138065,-0.24093870875184054,0.9574281122276511}},
{{-0.8343674504779568,-0.4856239752389748,-0.2607686949309866},{0.2607686949309865,-0.7645570307025424,0.5894507906070714},{-0.48562397523897494,0.42381824108502847,0.7645570307025424}},
{{-0.8343674504779568,-0.4856239752389748,-0.2607686949309866},{-0.1589966934913806,-0.24093870875184054,0.9574281122276511},{-0.5277793185051138,0.8403082132753978,0.12381880979958743}},
{{-0.8343674504779568,-0.4856239752389748,-0.2607686949309866},{-0.4856239752389749,0.4238182410850284,0.7645570307025426},{-0.2607686949309865,0.7645570307025424,-0.5894507906070713}},
{{-0.8343674504779568,-0.4856239752389748,-0.2607686949309866},{-0.5277793185051138,0.8403082132753978,0.12381880979958743},{0.15899669349138057,0.24093870875184054,-0.9574281122276511}},
{{-0.8343674504779568,-0.4856239752389748,-0.2607686949309866},{-0.26076869493098653,0.7645570307025426,-0.5894507906070713},{0.4856239752389749,-0.42381824108502836,-0.7645570307025426}},
{{-0.8343674504779568,-0.4856239752389748,-0.2607686949309866},{0.15899669349138051,0.2409387087518406,-0.957428112227651},{0.5277793185051138,-0.8403082132753978,-0.12381880979958748}},
{{-0.8343674504779568,-0.4856239752389748,-0.2607686949309866},{0.4856239752389749,-0.42381824108502836,-0.7645570307025426},{0.26076869493098653,-0.7645570307025426,0.5894507906070712}},
{{0.935749732373033,-0.33215119267801185,0.11852435853600425},{0.15105698306522747,0.6811872337118079,0.7163558755920738},{-0.31867573837841606,-0.6524258868489425,0.6875945287292085}},
{{0.935749732373033,-0.33215119267801185,0.11852435853600425},{-0.11852435853600429,0.020337343402790534,0.9927428513451738},{-0.3321511926780119,-0.9430068810278593,-0.020337343402790413}},
{{0.935749732373033,-0.33215119267801185,0.11852435853600425},{-0.31867573837841606,-0.6524258868489424,0.6875945287292085},{-0.15105698306522747,-0.6811872337118079,-0.7163558755920737}},
{{0.935749732373033,-0.33215119267801185,0.11852435853600425},{-0.3321511926780119,-0.9430068810278593,-0.020337343402790354},{0.11852435853600427,-0.02033734340279059,-0.9927428513451738}},
{{0.935749732373033,-0.33215119267801185,0.11852435853600425},{-0.1510569830652275,-0.681187233711808,-0.7163558755920737},{0.31867573837841606,0.6524258868489424,-0.6875945287292086}},
{{0.935749732373033,-0.33215119267801185,0.11852435853600425},{0.11852435853600425,-0.02033734340279065,-0.9927428513451738},{0.3321511926780119,0.9430068810278593,0.02033734340279029}},
{{0.935749732373033,-0.33215119267801185,0.11852435853600425},{0.318675738378416,0.6524258868489423,-0.6875945287292086},{0.15105698306522752,0.681187233711808,0.7163558755920736}},
{{0.935749732373033,-0.33215119267801185,0.11852435853600425},{0.33215119267801196,0.9430068810278593,0.020337343402790233},{-0.11852435853600422,0.020337343402790708,0.9927428513451738}},
{{-0.28819036225198436,-0.6199773158869665,-0.7297769816119604},{0.9544204166971759,-0.12418149701615117,-0.2714049078230123},{0.07764008820615925,-0.7747303295885741,0.6275069187817129}},
{{-0.28819036225198436,-0.6199773158869665,-0.7297769816119604},{0.7297769816119603,-0.6356266482809871,0.2518021467430634},{-0.6199773158869665,-0.4600074910049522,0.6356266482809871}},
{{-0.28819036225198436,-0.6199773158869665,-0.7297769816119604},{0.07764008820615936,-0.774730329588574,0.6275069187817128},{-0.9544204166971757,0.12418149701615111,0.2714049078230123}},
{{-0.28819036225198436,-0.6199773158869665,-0.7297769816119604},{-0.6199773158869664,-0.4600074910049522,0.6356266482809871},{-0.7297769816119604,0.635626648280987,-0.2518021467430634}},
{{-0.28819036225198436,-0.6199773158869665,-0.7297769816119604},{-0.9544204166971758,0.12418149701615105,0.2714049078230124},{-0.07764008820615936,0.7747303295885741,-0.6275069187817129}},
{{-0.28819036225198436,-0.6199773158869665,-0.7297769816119604},{-0.7297769816119604,0.635626648280987,-0.25180214674306334},{0.6199773158869664,0.46000749100495225,-0.6356266482809871}},
{{-0.28819036225198436,-0.6199773158869665,-0.7297769816119604},{-0.07764008820615942,0.774730329588574,-0.6275069187817128},{0.9544204166971757,-0.12418149701615094,-0.2714049078230124}},
{{-0.28819036225198436,-0.6199773158869665,-0.7297769816119604},{0.6199773158869663,0.4600074910049523,-0.6356266482809872},{0.7297769816119604,-0.635626648280987,0.2518021467430633}},
{{0.7729305643919915,-0.3726067328019958,-0.5135587262419943},{0.6266136053432951,0.5754149637485002,0.5255977635920738},{0.09966811038318474,-0.7280534610623965,0.6782362609059701}},
{{0.7729305643919915,-0.3726067328019958,-0.5135587262419943},{0.5135587262419943,-0.10793171652078071,0.8512392021456592},{-0.3726067328019957,-0.9216913622463325,0.10793171652078082}},
{{0.7729305643919915,-0.3726067328019958,-0.5135587262419943},{0.0996681103831848,-0.7280534610623964,0.6782362609059701},{-0.6266136053432951,-0.5754149637485002,-0.5255977635920737}},
{{0.7729305643919915,-0.3726067328019958,-0.5135587262419943},{-0.3726067328019957,-0.9216913622463325,0.10793171652078087},{-0.5135587262419943,0.10793171652078065,-0.8512392021456592}},
{{0.7729305643919915,-0.3726067328019958,-0.5135587262419943},{-0.6266136053432951,-0.5754149637485003,-0.5255977635920737},{-0.09966811038318485,0.7280534610623964,-0.6782362609059702}},
{{0.7729305643919915,-0.3726067328019958,-0.5135587262419943},{-0.5135587262419944,0.1079317165207806,-0.8512392021456592},{0.37260673280199563,0.9216913622463325,-0.10793171652078092}},
{{0.7729305643919915,-0.3726067328019958,-0.5135587262419943},{-0.0996681103831849,0.7280534610623963,-0.6782362609059702},{0.626613605343295,0.5754149637485003,0.5255977635920736}},
{{0.7729305643919915,-0.3726067328019958,-0.5135587262419943},{0.37260673280199563,0.9216913622463325,-0.10793171652078097},{0.5135587262419944,-0.10793171652078054,0.8512392021456592}},
{{-0.8192363937435254,0.037163478616978475,0.5722504757736685},{-0.43092073969933575,0.6185130978280363,-0.6570759955379166},{-0.3783636442142423,-0.7848951673136052,-0.4906939260523478}},
{{-0.8192363937435254,0.037163478616978475,0.5722504757736685},{-0.5722504757736683,-0.11764988960109699,-0.8115958947984279},{0.037163478616978406,-0.9923595010549029,0.11764988960109699}},
{{-0.8192363937435254,0.037163478616978475,0.5722504757736685},{-0.3783636442142423,-0.7848951673136051,-0.4906939260523478},{0.43092073969933564,-0.6185130978280364,0.6570759955379165}},
{{-0.8192363937435254,0.037163478616978475,0.5722504757736685},{0.03716347861697837,-0.9923595010549029,0.11764988960109694},{0.5722504757736683,0.11764988960109692,0.8115958947984279}},
{{-0.8192363937435254,0.037163478616978475,0.5722504757736685},{0.43092073969933564,-0.6185130978280364,0.6570759955379165},{0.37836364421424235,0.7848951673136051,0.4906939260523479}},
{{-0.8192363937435254,0.037163478616978475,0.5722504757736685},{0.5722504757736683,0.11764988960109686,0.8115958947984279},{-0.037163478616978336,0.9923595010549029,-0.11764988960109689}},
{{-0.8192363937435254,0.037163478616978475,0.5722504757736685},{0.3783636442142424,0.784895167313605,0.4906939260523479},{-0.4309207396993356,0.6185130978280365,-0.6570759955379165}},
{{-0.8192363937435254,0.037163478616978475,0.5722504757736685},{-0.0371634786169783,0.9923595010549029,-0.11764988960109685},{-0.5722504757736683,-0.11764988960109679,-0.8115958947984279}},
{{-0.3595499139848458,0.0037262061679984027,-0.9331184141046},{0.6571795326139088,0.7109303210398161,-0.2503859831132495},{0.6624491839128904,-0.7032525819460727,-0.2580637222069931}},
{{-0.3595499139848458,0.0037262061679984027,-0.9331184141046},{0.9331184141046,0.00542898137736719,-0.3595282345242453},{0.0037262061679984595,-0.9999783205393994,-0.00542898137736715}},
{{-0.3595499139848458,0.0037262061679984027,-0.9331184141046},{0.6624491839128904,-0.7032525819460725,-0.2580637222069931},{-0.6571795326139087,-0.7109303210398161,0.25038598311324944}},
{{-0.3595499139848458,0.0037262061679984027,-0.9331184141046},{0.0037262061679985163,-0.9999783205393994,-0.0054289813773671725},{-0.9331184141046,-0.0054289813773672506,0.3595282345242453}},
{{-0.3595499139848458,0.0037262061679984027,-0.9331184141046},{-0.6571795326139087,-0.7109303210398162,0.25038598311324944},{-0.6624491839128905,0.7032525819460725,0.25806372220699314}},
{{-0.3595499139848458,0.0037262061679984027,-0.9331184141046},{-0.9331184141046,-0.005428981377367312,0.3595282345242453},{-0.0037262061679985735,0.9999783205393994,0.005428981377367194}},
{{-0.3595499139848458,0.0037262061679984027,-0.9331184141046},{-0.6624491839128905,0.7032525819460724,0.25806372220699314},{0.6571795326139086,0.7109303210398162,-0.25038598311324944}},
{{-0.3595499139848458,0.0037262061679984027,-0.9331184141046},{-0.0037262061679986308,0.9999783205393994,0.005428981377367217},{0.9331184141046,0.005428981377367373,-0.3595282345242453}},
{{-0.41373897968096374,0.8895435244029218,0.19373274087098297},{-0.7659919930736155,-0.4551455152603862,0.45398108604375575},{0.49201252345815905,0.03943194303082065,0.8696946582733213}},
{{-0.41373897968096374,0.8895435244029218,0.19373274087098297},{-0.19373274087098302,-0.2939538859548094,0.9359800948987557},{0.889543524402922,0.34971907457971924,0.2939538859548094}},
{{-0.41373897968096374,0.8895435244029218,0.19373274087098297},{0.49201252345815893,0.03943194303082062,0.8696946582733213},{0.7659919930736155,0.45514551526038616,-0.45398108604375564}},
{{-0.41373897968096374,0.8895435244029218,0.19373274087098297},{0.889543524402922,0.3497190745797192,0.2939538859548095},{0.19373274087098308,0.2939538859548095,-0.9359800948987557}},
{{-0.41373897968096374,0.8895435244029218,0.19373274087098297},{0.7659919930736157,0.45514551526038627,-0.45398108604375564},{-0.4920125234581589,-0.03943194303082059,-0.8696946582733213}},
{{-0.41373897968096374,0.8895435244029218,0.19373274087098297},{0.19373274087098313,0.2939538859548095,-0.9359800948987557},{-0.889543524402922,-0.3497190745797192,-0.29395388595480954}},
{{-0.41373897968096374,0.8895435244029218,0.19373274087098297},{-0.49201252345815877,-0.039431943030820565,-0.8696946582733212},{-0.7659919930736157,-0.4551455152603862,0.45398108604375553}},
{{-0.41373897968096374,0.8895435244029218,0.19373274087098297},{-0.889543524402922,-0.3497190745797192,-0.2939538859548096},{-0.1937327408709832,-0.29395388595480954,0.9359800948987556}},
{{-0.827811547382656,0.5107936072787878,-0.23198692373290353},{-0.19714609657542648,0.1222768213373635,0.9727187648897823},{0.5252251504117118,0.8509631424020397,-0.0005211988496209852}},
{{-0.827811547382656,0.5107936072787878,-0.23198692373290353},{0.2319869237329037,0.6881845780818816,0.6874474916000544},{0.5107936072787879,0.5152590389827103,-0.6881845780818816}},
{{-0.827811547382656,0.5107936072787878,-0.23198692373290353},{0.5252251504117118,0.8509631424020396,-0.0005211988496209297},{0.1971460965754265,-0.12227682133736345,-0.9727187648897822}},
{{-0.827811547382656,0.5107936072787878,-0.23198692373290353},{0.5107936072787879,0.5152590389827104,-0.6881845780818815},{-0.23198692373290367,-0.6881845780818815,-0.6874474916000545}},
{{-0.827811547382656,0.5107936072787878,-0.23198692373290353},{0.19714609657542656,-0.1222768213373634,-0.9727187648897823},{-0.5252251504117118,-0.8509631424020397,0.0005211988496208741}},
{{-0.827811547382656,0.5107936072787878,-0.23198692373290353},{-0.23198692373290364,-0.6881845780818815,-0.6874474916000545},{-0.5107936072787879,-0.5152590389827104,0.6881845780818815}},
{{-0.827811547382656,0.5107936072787878,-0.23198692373290353},{-0.5252251504117117,-0.8509631424020396,0.0005211988496207631},{-0.1971460965754266,0.12227682133736328,0.9727187648897822}},
{{-0.827811547382656,0.5107936072787878,-0.23198692373290353},{-0.510793607278788,-0.5152590389827105,0.6881845780818814},{0.23198692373290358,0.6881845780818815,0.6874474916000546}},
{{0.15292356475292618,-0.8529090491225882,0.49915983138475895},{0.2501384707018556,0.5220595050984589,0.8154045735776128},{-0.9560570740380491,0.00016450275105123202,0.2931805657281026}},
{{0.15292356475292618,-0.8529090491225882,0.49915983138475895},{-0.4991598313847589,0.3692681372488055,0.7838880695257048},{-0.8529090491225882,-0.3690354952272211,-0.3692681372488054}},
{{0.15292356475292618,-0.8529090491225882,0.49915983138475895},{-0.9560570740380491,0.00016450275105128753,0.2931805657281026},{-0.25013847070185563,-0.5220595050984589,-0.8154045735776128}},
{{0.15292356475292618,-0.8529090491225882,0.49915983138475895},{-0.8529090491225884,-0.36903549522722107,-0.36926813724880536},{0.49915983138475883,-0.36926813724880553,-0.7838880695257048}},
{{0.15292356475292618,-0.8529090491225882,0.49915983138475895},{-0.25013847070185574,-0.522059505098459,-0.8154045735776128},{0.9560570740380492,-0.00016450275105134304,-0.2931805657281027}},
{{0.15292356475292618,-0.8529090491225882,0.49915983138475895},{0.4991598313847588,-0.36926813724880553,-0.7838880695257049},{0.8529090491225884,0.36903549522722107,0.3692681372488053}},
{{0.15292356475292618,-0.8529090491225882,0.49915983138475895},{0.956057074038049,-0.00016450275105134304,-0.29318056572810275},{0.2501384707018558,0.5220595050984589,0.8154045735776128}},
{{0.15292356475292618,-0.8529090491225882,0.49915983138475895},{0.8529090491225884,0.369035495227221,0.3692681372488053},{-0.4991598313847587,0.3692681372488056,0.7838880695257049}},
{{0.14057618120304044,0.8838182639842542,0.44621027949412834},{-0.9404722022652313,-0.021653404086458827,0.33918013924440477},{0.30943557333434557,-0.4673290129441216,0.8281625562749853}},
{{0.14057618120304044,0.8838182639842542,0.44621027949412834},{-0.44621027949412845,-0.34576278296331175,0.8254359359703438},{0.8838182639842543,-0.3151402452326967,0.3457627829633118}},
{{0.14057618120304044,0.8838182639842542,0.44621027949412834},{0.30943557333434546,-0.46732901294412155,0.8281625562749851},{0.9404722022652312,0.0216534040864588,-0.33918013924440465}},
{{0.14057618120304044,0.8838182639842542,0.44621027949412834},{0.8838182639842543,-0.31514024523269674,0.34576278296331187},{0.4462102794941285,0.3457627829633117,-0.8254359359703438}},
{{0.14057618120304044,0.8838182639842542,0.44621027949412834},{0.9404722022652314,0.021653404086458772,-0.3391801392444046},{-0.3094355733343454,0.46732901294412166,-0.8281625562749853}},
{{0.14057618120304044,0.8838182639842542,0.44621027949412834},{0.44621027949412856,0.3457627829633117,-0.8254359359703437},{-0.8838182639842542,0.31514024523269674,-0.3457627829633119}},
{{0.14057618120304044,0.8838182639842542,0.44621027949412834},{-0.3094355733343453,0.4673290129441216,-0.8281625562749853},{-0.9404722022652313,-0.021653404086458744,0.3391801392444045}},
{{0.14057618120304044,0.8838182639842542,0.44621027949412834},{-0.8838182639842542,0.3151402452326968,-0.345762782963312},{-0.4462102794941286,-0.3457627829633117,0.8254359359703437}},
{{0.8795353134986681,0.15546187786994134,0.44972128795283034},{-0.4279291204132244,0.6717115086546175,0.6047150709576389},{-0.2080728242975638,-0.7243170946968527,0.6573206569998741}},
{{0.8795353134986681,0.15546187786994134,0.44972128795283034},{-0.44972128795282995,-0.03719776661875684,0.8923940213384582},{0.1554618778699412,-0.9871412921602095,0.0371977666187569}},
{{0.8795353134986681,0.15546187786994134,0.44972128795283034},{-0.2080728242975638,-0.7243170946968526,0.6573206569998741},{0.42792912041322434,-0.6717115086546175,-0.6047150709576388}},
{{0.8795353134986681,0.15546187786994134,0.44972128795283034},{0.15546187786994117,-0.9871412921602095,0.037197766618756956},{0.44972128795282995,0.03719776661875678,-0.8923940213384582}},
{{0.8795353134986681,0.15546187786994134,0.44972128795283034},{0.4279291204132244,-0.6717115086546176,-0.6047150709576388},{0.20807282429756385,0.7243170946968526,-0.6573206569998742}},
{{0.8795353134986681,0.15546187786994134,0.44972128795283034},{0.44972128795283,0.03719776661875672,-0.8923940213384582},{-0.15546187786994115,0.9871412921602095,-0.03719776661875701}},
{{0.8795353134986681,0.15546187786994134,0.44972128795283034},{0.20807282429756385,0.7243170946968525,-0.6573206569998742},{-0.4279291204132243,0.6717115086546176,0.6047150709576387}},
{{0.8795353134986681,0.15546187786994134,0.44972128795283034},{-0.15546187786994112,0.9871412921602095,-0.03719776661875706},{-0.44972128795283,-0.03719776661875666,0.8923940213384582}},
{{-0.36557634570588177,-0.44168269813885713,0.819310887041735},{-0.26702345314041953,0.8930072255522902,0.36226588382618546},{-0.8916571151139331,-0.08633938427033538,-0.4444019574557693}},
{{-0.36557634570588177,-0.44168269813885713,0.819310887041735},{-0.819310887041735,0.5704003007355838,-0.05807897464351624},{-0.44168269813885713,-0.6925026289376344,-0.5704003007355838}},
{{-0.36557634570588177,-0.44168269813885713,0.819310887041735},{-0.891657115113933,-0.08633938427033527,-0.44440195745576927},{0.2670234531404194,-0.8930072255522901,-0.3622658838261855}},
{{-0.36557634570588177,-0.44168269813885713,0.819310887041735},{-0.4416826981388572,-0.6925026289376343,-0.5704003007355838},{0.819310887041735,-0.5704003007355839,0.058078974643516204}},
{{-0.36557634570588177,-0.44168269813885713,0.819310887041735},{0.2670234531404194,-0.8930072255522902,-0.3622658838261855},{0.8916571151139332,0.08633938427033522,0.44440195745576927}},
{{-0.36557634570588177,-0.44168269813885713,0.819310887041735},{0.8193108870417349,-0.5704003007355839,0.05807897464351617},{0.44168269813885724,0.6925026289376343,0.5704003007355838}},
{{-0.36557634570588177,-0.44168269813885713,0.819310887041735},{0.8916571151139331,0.08633938427033516,0.44440195745576916},{-0.2670234531404194,0.8930072255522901,0.3622658838261856}},
{{-0.36557634570588177,-0.44168269813885713,0.819310887041735},{0.4416826981388573,0.6925026289376343,0.5704003007355838},{-0.8193108870417349,0.570400300735584,-0.058078974643516135}},
{{0.1100708148359746,-0.6091030953828593,-0.7854157083458188},{0.9860737026087003,0.16604170992499484,0.009423565607157403},{0.1246718442348278,-0.7755150351606366,0.6188968908427992}},
{{0.1100708148359746,-0.6091030953828593,-0.7854157083458188},{0.7854157083458186,-0.43096272122643636,0.44428965551399113},{-0.6091030953828592,-0.6657811593219835,0.4309627212264364}},
{{0.1100708148359746,-0.6091030953828593,-0.7854157083458188},{0.12467184423482786,-0.7755150351606366,0.6188968908427992},{-0.9860737026087002,-0.1660417099249949,-0.009423565607157403}},
{{0.1100708148359746,-0.6091030953828593,-0.7854157083458188},{-0.6091030953828591,-0.6657811593219835,0.4309627212264365},{-0.7854157083458188,0.43096272122643636,-0.4442896555139911}},
{{0.1100708148359746,-0.6091030953828593,-0.7854157083458188},{-0.9860737026087003,-0.16604170992499495,-0.009423565607157347},{-0.12467184423482797,0.7755150351606366,-0.6188968908427992}},
{{0.1100708148359746,-0.6091030953828593,-0.7854157083458188},{-0.7854157083458188,0.4309627212264363,-0.4442896555139911},{0.6091030953828591,0.6657811593219836,-0.4309627212264365}},
{{0.1100708148359746,-0.6091030953828593,-0.7854157083458188},{-0.12467184423482802,0.7755150351606366,-0.6188968908427992},{0.9860737026087001,0.166041709924995,0.009423565607157292}},
{{0.1100708148359746,-0.6091030953828593,-0.7854157083458188},{0.609103095382859,0.6657811593219836,-0.43096272122643653},{0.7854157083458188,-0.43096272122643625,0.444289655513991}},
{{0.6822583360032565,-0.7307875789042746,0.021750344211008174},{0.5013650367653661,0.4893094705573762,0.713589056763151},{-0.5321246685348571,-0.4759472203323491,0.700226806538124}},
{{0.6822583360032565,-0.7307875789042746,0.021750344211008174},{-0.021750344211008125,0.009448537746028166,0.9997187842894443},{-0.7307875789042744,-0.6825395517138119,-0.009448537746028067}},
{{0.6822583360032565,-0.7307875789042746,0.021750344211008174},{-0.532124668534857,-0.475947220332349,0.700226806538124},{-0.5013650367653661,-0.4893094705573762,-0.7135890567631509}},
{{0.6822583360032565,-0.7307875789042746,0.021750344211008174},{-0.7307875789042744,-0.6825395517138119,-0.009448537746028005},{0.02175034421100808,-0.009448537746028208,-0.9997187842894443}},
{{0.6822583360032565,-0.7307875789042746,0.021750344211008174},{-0.5013650367653663,-0.4893094705573763,-0.7135890567631509},{0.532124668534857,0.475947220332349,-0.7002268065381241}},
{{0.6822583360032565,-0.7307875789042746,0.021750344211008174},{0.021750344211008035,-0.00944853774602825,-0.9997187842894443},{0.7307875789042744,0.6825395517138119,0.009448537746027944}},
{{0.6822583360032565,-0.7307875789042746,0.021750344211008174},{0.532124668534857,0.47594722033234893,-0.7002268065381241},{0.5013650367653663,0.4893094705573763,0.7135890567631508}},
{{0.6822583360032565,-0.7307875789042746,0.021750344211008174},{0.7307875789042744,0.6825395517138119,0.009448537746027883},{-0.02175034421100799,0.009448537746028291,0.9997187842894443}},
{{-0.9710514228413133,0.07315844035802357,0.22739168147107336},{-0.2125210292317977,0.17002660081523352,-0.9622503661467088},{-0.1090593706754174,-0.9827201013613176,-0.1495568656006246}},
{{-0.9710514228413133,0.07315844035802357,0.22739168147107336},{-0.22739168147107358,-0.5746610852623693,-0.7861664329407827},{0.07315844035802367,-0.8151150100994689,0.5746610852623693}},
{{-0.9710514228413133,0.07315844035802357,0.22739168147107336},{-0.1090593706754174,-0.9827201013613176,-0.14955686560062464},{0.21252102923179766,-0.17002660081523358,0.9622503661467086}},
{{-0.9710514228413133,0.07315844035802357,0.22739168147107336},{0.07315844035802366,-0.815115010099469,0.5746610852623691},{0.22739168147107358,0.5746610852623691,0.7861664329407828}},
{{-0.9710514228413133,0.07315844035802357,0.22739168147107336},{0.21252102923179766,-0.17002660081523369,0.9622503661467088},{0.10905937067541743,0.9827201013613178,0.14955686560062476}},
{{-0.9710514228413133,0.07315844035802357,0.22739168147107336},{0.22739168147107358,0.5746610852623691,0.7861664329407828},{-0.07315844035802364,0.815115010099469,-0.5746610852623691}},
{{-0.9710514228413133,0.07315844035802357,0.22739168147107336},{0.10905937067541745,0.9827201013613176,0.1495568656006248},{-0.21252102923179764,0.17002660081523374,-0.9622503661467086}},
{{-0.9710514228413133,0.07315844035802357,0.22739168147107336},{-0.07315844035802363,0.815115010099469,-0.574661085262369},{-0.2273916814710736,-0.574661085262369,-0.7861664329407828}},
{{0.3832312649539412,0.5348975252359179,0.7530062649528845},{-0.9106855035583585,0.3549433834500083,0.21134594425661457},{-0.15422616888991864,-0.7667462631415635,0.6231488239481696}},
{{0.3832312649539412,0.5348975252359179,0.7530062649528845},{-0.7530062649528843,-0.2911886087420466,0.590076909462299},{0.5348975252359178,-0.7931543554916423,0.2911886087420466}},
{{0.3832312649539412,0.5348975252359179,0.7530062649528845},{-0.1542261688899187,-0.7667462631415634,0.6231488239481696},{0.9106855035583585,-0.3549433834500083,-0.21134594425661446}},
{{0.3832312649539412,0.5348975252359179,0.7530062649528845},{0.5348975252359177,-0.7931543554916423,0.2911886087420466},{0.7530062649528844,0.29118860874204655,-0.590076909462299}},
{{0.3832312649539412,0.5348975252359179,0.7530062649528845},{0.9106855035583585,-0.3549433834500083,-0.21134594425661443},{0.1542261688899188,0.7667462631415634,-0.6231488239481696}},
{{0.3832312649539412,0.5348975252359179,0.7530062649528845},{0.7530062649528844,0.2911886087420465,-0.590076909462299},{-0.5348975252359177,0.7931543554916423,-0.29118860874204666}},
{{0.3832312649539412,0.5348975252359179,0.7530062649528845},{0.1542261688899189,0.7667462631415634,-0.6231488239481696},{-0.9106855035583584,0.3549433834500083,0.21134594425661438}},
{{0.3832312649539412,0.5348975252359179,0.7530062649528845},{-0.5348975252359176,0.7931543554916424,-0.2911886087420467},{-0.7530062649528844,-0.2911886087420465,0.5900769094622988}},
{{-0.6140753979698614,0.780001606243824,-0.12045289479797282},{-0.46637136638621074,-0.23548773850401788,0.8526683256866778},{0.6367174838366035,0.5797784225644471,0.5083776416262484}},
{{-0.6140753979698614,0.780001606243824,-0.12045289479797282},{0.12045289479797275,0.24345027739848468,0.9624048329935742},{0.7800016062438238,0.5764802309634357,-0.24345027739848468}},
{{-0.6140753979698614,0.780001606243824,-0.12045289479797282},{0.6367174838366034,0.5797784225644471,0.5083776416262485},{0.46637136638621074,0.2354877385040179,-0.8526683256866776}},
{{-0.6140753979698614,0.780001606243824,-0.12045289479797282},{0.7800016062438238,0.5764802309634357,-0.24345027739848463},{-0.12045289479797269,-0.24345027739848463,-0.9624048329935742}},
{{-0.6140753979698614,0.780001606243824,-0.12045289479797282},{0.46637136638621085,0.23548773850401797,-0.8526683256866777},{-0.6367174838366034,-0.5797784225644471,-0.5083776416262487}},
{{-0.6140753979698614,0.780001606243824,-0.12045289479797282},{-0.12045289479797265,-0.2434502773984846,-0.9624048329935742},{-0.7800016062438238,-0.5764802309634357,0.24345027739848457}},
{{-0.6140753979698614,0.780001606243824,-0.12045289479797282},{-0.6367174838366034,-0.5797784225644471,-0.5083776416262487},{-0.46637136638621085,-0.235487738504018,0.8526683256866776}},
{{-0.6140753979698614,0.780001606243824,-0.12045289479797282},{-0.7800016062438238,-0.5764802309634358,0.24345027739848452},{0.1204528947979726,0.24345027739848457,0.9624048329935743}},
{{-0.25882822983091747,-0.13419648679595722,0.9565559316496951},{-0.5814959400288828,0.8123923781004545,-0.043371600549376374},{-0.7712784316785475,-0.5674591852599722,-0.2883047933898587}},
{{-0.25882822983091747,-0.13419648679595722,0.9565559316496951},{-0.9565559316496951,0.17319392159517744,-0.23453062731393381},{-0.13419648679595728,-0.9757023974830167,-0.1731939215951774}},
{{-0.25882822983091747,-0.13419648679595722,0.9565559316496951},{-0.7712784316785475,-0.5674591852599721,-0.2883047933898587},{0.5814959400288827,-0.8123923781004545,0.043371600549376346}},
{{-0.25882822983091747,-0.13419648679595722,0.9565559316496951},{-0.13419648679595733,-0.9757023974830167,-0.1731939215951774},{0.9565559316496951,-0.1731939215951775,0.2345306273139338}},
{{-0.25882822983091747,-0.13419648679595722,0.9565559316496951},{0.5814959400288827,-0.8123923781004546,0.04337160054937633},{0.7712784316785476,0.5674591852599721,0.2883047933898587}},
{{-0.25882822983091747,-0.13419648679595722,0.9565559316496951},{0.9565559316496951,-0.17319392159517755,0.2345306273139338},{0.1341964867959574,0.9757023974830167,0.17319392159517744}},
{{-0.25882822983091747,-0.13419648679595722,0.9565559316496951},{0.7712784316785476,0.567459185259972,0.2883047933898587},{-0.5814959400288826,0.8123923781004546,-0.043371600549376305}},
{{-0.25882822983091747,-0.13419648679595722,0.9565559316496951},{0.13419648679595744,0.9757023974830167,0.17319392159517744},{-0.9565559316496951,0.17319392159517763,-0.23453062731393376}},
{{0.9630180549525144,-0.14609739896592636,-0.22638855061788585},{0.2633873408474241,0.6875042078320752,0.6767311673733626},{0.056774417802378005,-0.7113322108751872,0.7005591704164745}},
{{0.9630180549525144,-0.14609739896592636,-0.22638855061788585},{0.22638855061788585,-0.016848942533918162,0.9738913375139044},{-0.14609739896592638,-0.9891267174386099,0.01684894253391828}},
{{0.9630180549525144,-0.14609739896592636,-0.22638855061788585},{0.05677441780237803,-0.711332210875187,0.7005591704164745},{-0.2633873408474241,-0.6875042078320752,-0.6767311673733625}},
{{0.9630180549525144,-0.14609739896592636,-0.22638855061788585},{-0.14609739896592636,-0.9891267174386099,0.01684894253391834},{-0.22638855061788588,0.0168489425339181,-0.9738913375139044}},
{{0.9630180549525144,-0.14609739896592636,-0.22638855061788585},{-0.2633873408474241,-0.6875042078320753,-0.6767311673733625},{-0.05677441780237806,0.7113322108751872,-0.7005591704164746}},
{{0.9630180549525144,-0.14609739896592636,-0.22638855061788585},{-0.22638855061788588,0.01684894253391804,-0.9738913375139044},{0.14609739896592636,0.9891267174386099,-0.0168489425339184}},
{{0.9630180549525144,-0.14609739896592636,-0.22638855061788585},{-0.056774417802378074,0.7113322108751869,-0.7005591704164746},{0.2633873408474241,0.6875042078320753,0.6767311673733623}},
{{0.9630180549525144,-0.14609739896592636,-0.22638855061788585},{0.14609739896592633,0.9891267174386099,-0.01684894253391846},{0.22638855061788588,-0.016848942533917978,0.9738913375139044}},
{{-0.25339000988798516,0.9565417138629442,-0.14429640511499156},{-0.5743441658026383,-0.028731420793060125,0.8181095798654874},{0.7784100989179417,0.2901765929556604,0.556664407702887}},
{{-0.25339000988798516,0.9565417138629442,-0.14429640511499156},{0.1442964051149915,0.18486965414465903,0.9721120092084679},{0.9565417138629441,0.225502019096453,-0.18486965414465897}},
{{-0.25339000988798516,0.9565417138629442,-0.14429640511499156},{0.7784100989179417,0.29017659295566034,0.556664407702887},{0.5743441658026383,0.028731420793060153,-0.8181095798654873}},
{{-0.25339000988798516,0.9565417138629442,-0.14429640511499156},{0.9565417138629441,0.22550201909645304,-0.18486965414465892},{-0.14429640511499145,-0.184869654144659,-0.9721120092084679}},
{{-0.25339000988798516,0.9565417138629442,-0.14429640511499156},{0.5743441658026384,0.02873142079306018,-0.8181095798654873},{-0.7784100989179417,-0.2901765929556604,-0.5566644077028873}},
{{-0.25339000988798516,0.9565417138629442,-0.14429640511499156},{-0.1442964051149914,-0.184869654144659,-0.9721120092084679},{-0.9565417138629441,-0.22550201909645304,0.18486965414465886}},
{{-0.25339000988798516,0.9565417138629442,-0.14429640511499156},{-0.7784100989179416,-0.2901765929556604,-0.5566644077028873},{-0.5743441658026384,-0.02873142079306018,0.8181095798654872}},
{{-0.25339000988798516,0.9565417138629442,-0.14429640511499156},{-0.9565417138629441,-0.22550201909645307,0.18486965414465878},{0.14429640511499134,0.18486965414465897,0.9721120092084679}},
{{0.7967784123567405,0.3596840682198828,-0.48556310884484194},{0.08900992323516549,0.7249250336104349,0.6830526547862765},{0.5976800106812532,-0.5874615448807736,0.5455891660566152}},
{{0.7967784123567405,0.3596840682198828,-0.48556310884484194},{0.48556310884484183,0.09720136504630406,0.868780963167396},{0.3596840682198828,-0.9279974491893447,-0.09720136504630394}},
{{0.7967784123567405,0.3596840682198828,-0.48556310884484194},{0.5976800106812532,-0.5874615448807735,0.5455891660566152},{-0.08900992323516543,-0.7249250336104349,-0.6830526547862764}},
{{0.7967784123567405,0.3596840682198828,-0.48556310884484194},{0.3596840682198828,-0.9279974491893447,-0.09720136504630389},{-0.4855631088448418,-0.09720136504630411,-0.868780963167396}},
{{0.7967784123567405,0.3596840682198828,-0.48556310884484194},{-0.08900992323516538,-0.724925033610435,-0.6830526547862764},{-0.5976800106812532,0.5874615448807735,-0.5455891660566153}},
{{0.7967784123567405,0.3596840682198828,-0.48556310884484194},{-0.4855631088448418,-0.09720136504630417,-0.868780963167396},{-0.35968406821988286,0.9279974491893447,0.09720136504630385}},
{{0.7967784123567405,0.3596840682198828,-0.48556310884484194},{-0.5976800106812532,0.5874615448807734,-0.5455891660566154},{0.08900992323516532,0.7249250336104349,0.6830526547862763}},
{{0.7967784123567405,0.3596840682198828,-0.48556310884484194},{-0.35968406821988286,0.9279974491893447,0.09720136504630379},{0.4855631088448417,0.09720136504630422,0.868780963167396}},
{{-0.9769971367043746,0.14491710539705555,-0.15644688374906},{0.008152784458280216,0.7584689924659045,0.6516581309040289},{0.21309652033064763,0.6353926502809852,-0.7422035118428608}},
{{-0.9769971367043746,0.14491710539705555,-0.15644688374906},{0.15644688374906016,0.9856090196221466,-0.06402525286696714},{0.14491710539705568,-0.0870281161625922,-0.9856090196221466}},
{{-0.9769971367043746,0.14491710539705555,-0.15644688374906},{0.21309652033064763,0.6353926502809853,-0.7422035118428608},{-0.008152784458280202,-0.7584689924659045,-0.6516581309040289}},
{{-0.9769971367043746,0.14491710539705555,-0.15644688374906},{0.1449171053970557,-0.08702811616259214,-0.9856090196221466},{-0.15644688374906013,-0.9856090196221466,0.06402525286696707}},
{{-0.9769971367043746,0.14491710539705555,-0.15644688374906},{-0.008152784458280188,-0.7584689924659045,-0.651658130904029},{-0.21309652033064763,-0.6353926502809855,0.7422035118428608}},
{{-0.9769971367043746,0.14491710539705555,-0.15644688374906},{-0.15644688374906013,-0.9856090196221466,0.06402525286696702},{-0.1449171053970557,0.08702811616259208,0.9856090196221466}},
{{-0.9769971367043746,0.14491710539705555,-0.15644688374906},{-0.21309652033064763,-0.6353926502809855,0.7422035118428607},{0.008152784458280174,0.7584689924659044,0.651658130904029}},
{{-0.9769971367043746,0.14491710539705555,-0.15644688374906},{-0.1449171053970557,0.08702811616259203,0.9856090196221466},{0.15644688374906013,0.9856090196221466,-0.06402525286696696}},
{{0.6703705324022495,-0.04859712577901809,0.7404334329652755},{-0.48920214428246206,0.7213394425487366,0.4902557196534475},{-0.5579288586515007,-0.690874610902367,0.459790888007078}},
{{0.6703705324022495,-0.04859712577901809,0.7404334329652755},{-0.7404334329652755,0.02154188904485449,0.6717843987200329},{-0.04859712577901815,-0.9985861336822168,-0.021541889044854386}},
{{0.6703705324022495,-0.04859712577901809,0.7404334329652755},{-0.5579288586515005,-0.6908746109023669,0.459790888007078},{0.48920214428246195,-0.7213394425487366,-0.49025571965344744}},
{{0.6703705324022495,-0.04859712577901809,0.7404334329652755},{-0.04859712577901819,-0.9985861336822168,-0.021541889044854344},{0.7404334329652755,-0.02154188904485455,-0.6717843987200329}},
{{0.6703705324022495,-0.04859712577901809,0.7404334329652755},{0.48920214428246195,-0.7213394425487367,-0.49025571965344744},{0.5579288586515008,0.6908746109023669,-0.45979088800707807}},
{{0.6703705324022495,-0.04859712577901809,0.7404334329652755},{0.7404334329652755,-0.02154188904485461,-0.6717843987200329},{0.04859712577901824,0.9985861336822168,0.021541889044854302}},
{{0.6703705324022495,-0.04859712577901809,0.7404334329652755},{0.5579288586515008,0.6908746109023668,-0.45979088800707807},{-0.48920214428246184,0.7213394425487367,0.49025571965344733}},
{{0.6703705324022495,-0.04859712577901809,0.7404334329652755},{0.04859712577901828,0.9985861336822168,0.021541889044854264},{-0.7404334329652755,0.02154188904485467,0.6717843987200329}},
{{-0.5359854329219907,0.30540569801599476,-0.7870495380309864},{0.3405736253913291,0.931265963178328,0.12943458391537835},{0.7724825055515707,-0.19867326303482186,-0.6031581162281278}},
{{-0.5359854329219907,0.30540569801599476,-0.7870495380309864},{0.7870495380309863,0.5180212661192362,-0.33497312210598956},{0.3054056980159948,-0.7989876891839985,-0.5180212661192362}},
{{-0.5359854329219907,0.30540569801599476,-0.7870495380309864},{0.7724825055515707,-0.19867326303482186,-0.6031581162281276},{-0.3405736253913291,-0.9312659631783279,-0.1294345839153784}},
{{-0.5359854329219907,0.30540569801599476,-0.7870495380309864},{0.3054056980159949,-0.7989876891839984,-0.5180212661192362},{-0.7870495380309863,-0.5180212661192363,0.33497312210598956}},
{{-0.5359854329219907,0.30540569801599476,-0.7870495380309864},{-0.34057362539132907,-0.931265963178328,-0.12943458391537846},{-0.7724825055515708,0.1986732630348218,0.6031581162281276}},
{{-0.5359854329219907,0.30540569801599476,-0.7870495380309864},{-0.7870495380309862,-0.5180212661192363,0.3349731221059895},{-0.30540569801599493,0.7989876891839984,0.5180212661192363}},
{{-0.5359854329219907,0.30540569801599476,-0.7870495380309864},{-0.7724825055515708,0.1986732630348217,0.6031581162281276},{0.34057362539132896,0.931265963178328,0.1294345839153785}},
{{-0.5359854329219907,0.30540569801599476,-0.7870495380309864},{-0.30540569801599493,0.7989876891839984,0.5180212661192363},{0.7870495380309862,0.5180212661192364,-0.3349731221059895}},
{{0.3878665790890648,0.1633442781400273,0.9071263217571517},{-0.7569370202481269,0.6180194488501449,0.2123636226401539},{-0.525933326766457,-0.7690062468158996,0.36335042060590855}},
{{0.3878665790890648,0.1633442781400273,0.9071263217571517},{-0.9071263217571516,-0.10676378871122826,0.40709130400361604},{0.16334427814002733,-0.9807752750854486,0.10676378871122832}},
{{0.3878665790890648,0.1633442781400273,0.9071263217571517},{-0.5259333267664571,-0.7690062468158995,0.3633504206059085},{0.7569370202481267,-0.6180194488501449,-0.21236362264015385}},
{{0.3878665790890648,0.1633442781400273,0.9071263217571517},{0.16334427814002728,-0.9807752750854486,0.10676378871122835},{0.9071263217571516,0.10676378871122819,-0.40709130400361604}},
{{0.3878665790890648,0.1633442781400273,0.9071263217571517},{0.7569370202481268,-0.618019448850145,-0.21236362264015385},{0.5259333267664572,0.7690062468158995,-0.3633504206059086}},
{{0.3878665790890648,0.1633442781400273,0.9071263217571517},{0.9071263217571516,0.10676378871122813,-0.40709130400361604},{-0.16334427814002722,0.9807752750854486,-0.10676378871122837}},
{{0.3878665790890648,0.1633442781400273,0.9071263217571517},{0.5259333267664572,0.7690062468158995,-0.36335042060590855},{-0.7569370202481267,0.618019448850145,0.21236362264015385}},
{{0.3878665790890648,0.1633442781400273,0.9071263217571517},{-0.16334427814002717,0.9807752750854486,-0.1067637887112284},{-0.9071263217571516,-0.10676378871122807,0.40709130400361604}},
{{-0.645734959191682,0.5414828278007332,-0.5383518456127347},{-0.00221393873690795,0.7037228463644631,0.7104711492945848},{0.7635584201310239,0.45996793660169405,-0.45321963367157236}},
{{-0.645734959191682,0.5414828278007332,-0.5383518456127347},{0.5383518456127346,0.8228536438396525,0.18190429116754914},{0.5414828278007331,-0.17236074964076892,-0.8228536438396525}},
