{{0.,0.,1.},{0.,1.,0.},{-1.,0.,0.}},
{{0.9428090459852978,0.,-0.3333333208791053},{0.,1.,0.},{0.3333333208791053,0.,0.9428090459852978}},
{{-0.47140455556016536,0.8164965679732864,-0.33333331589411686},{-0.8164965679732864,-0.2612039179010302,0.514884324640978},{0.333333315894117,0.5148843246409781,0.789799362340865}},
{{-0.47140450477591517,-0.8164965684378531,-0.3333333865759399},{0.8164965684378531,-0.26120379816739187,-0.5148843846458535},{0.3333333865759399,-0.5148843846458534,0.7897992933914767}}