{{0.,0.,-1.},{1.,6.123233995736766e-17,0.},{6.123233995736766e-17,-1.,0.}},
{{0.,0.,-1.},{1.2246467991473532e-16,-1.,0.},{-1.,-1.2246467991473532e-16,0.}},
{{0.,0.,-1.},{-1.,-1.8369701987210297e-16,0.},{-1.8369701987210297e-16,1.,0.}},
{{0.,0.,-1.},{-2.4492935982947064e-16,1.,0.},{1.,2.4492935982947064e-16,0.}},
{{-0.5587980199767267,0.,0.8293037880475946},{-0.8293037880475946,6.123233995736766e-17,-0.5587980199767267},{-5.078021147766309e-17,-1.,-3.421651032671886e-17}},
{{-0.5587980199767267,0.,0.8293037880475946},{-1.0156042295532618e-16,-1.,-6.843302065343772e-17},{0.8293037880475946,-1.2246467991473532e-16,0.5587980199767267}},
{{-0.5587980199767267,0.,0.8293037880475946},{0.8293037880475946,-1.8369701987210297e-16,0.5587980199767267},{1.5234063443298925e-16,1.,1.0264953098015657e-16}},
{{-0.5587980199767267,0.,0.8293037880475946},{2.0312084591065236e-16,1.,1.3686604130687543e-16},{-0.8293037880475946,2.4492935982947064e-16,-0.5587980199767267}},
{{-0.8343674504779568,-0.4856239752389748,-0.2607686949309866},{0.2607686949309865,-0.7645570307025424,0.5894507906070714},{-0.48562397523897494,0.42381824108502847,0.7645570307025424}},
{{-0.8343674504779568,-0.4856239752389748,-0.2607686949309866},{-0.4856239752389749,0.4238182410850284,0.7645570307025426},{-0.2607686949309865,0.7645570307025424,-0.5894507906070713}},
{{-0.8343674504779568,-0.4856239752389748,-0.2607686949309866},{-0.26076869493098653,0.7645570307025426,-0.5894507906070713},{0.4856239752389749,-0.42381824108502836,-0.7645570307025426}},
{{-0.8343674504779568,-0.4856239752389748,-0.2607686949309866},{0.4856239752389749,-0.42381824108502836,-0.7645570307025426},{0.26076869493098653,-0.7645570307025426,0.5894507906070712}},
{{0.935749732373033,-0.33215119267801185,0.11852435853600425},{-0.11852435853600429,0.020337343402790534,0.9927428513451738},{-0.3321511926780119,-0.9430068810278593,-0.020337343402790413}},
{{0.935749732373033,-0.33215119267801185,0.11852435853600425},{-0.3321511926780119,-0.9430068810278593,-0.020337343402790354},{0.11852435853600427,-0.02033734340279059,-0.9927428513451738}},
{{0.935749732373033,-0.33215119267801185,0.11852435853600425},{0.11852435853600425,-0.02033734340279065,-0.9927428513451738},{0.3321511926780119,0.9430068810278593,0.02033734340279029}},
{{0.935749732373033,-0.33215119267801185,0.11852435853600425},{0.33215119267801196,0.9430068810278593,0.020337343402790233},{-0.11852435853600422,0.020337343402790708,0.9927428513451738}},
{{-0.28819036225198436,-0.6199773158869665,-0.7297769816119604},{0.7297769816119603,-0.6356266482809871,0.2518021467430634},{-0.6199773158869665,-0.4600074910049522,0.6356266482809871}},
{{-0.28819036225198436,-0.6199773158869665,-0.7297769816119604},{-0.6199773158869664,-0.4600074910049522,0.6356266482809871},{-0.7297769816119604,0.635626648280987,-0.2518021467430634}},
{{-0.28819036225198436,-0.6199773158869665,-0.7297769816119604},{-0.7297769816119604,0.635626648280987,-0.25180214674306334},{0.6199773158869664,0.46000749100495225,-0.6356266482809871}},
{{-0.28819036225198436,-0.6199773158869665,-0.7297769816119604},{0.6199773158869663,0.4600074910049523,-0.6356266482809872},{0.7297769816119604,-0.635626648280987,0.2518021467430633}},
{{0.7729305643919915,-0.3726067328019958,-0.5135587262419943},{0.5135587262419943,-0.10793171652078071,0.8512392021456592},{-0.3726067328019957,-0.9216913622463325,0.10793171652078082}},
{{0.7729305643919915,-0.3726067328019958,-0.5135587262419943},{-0.3726067328019957,-0.9216913622463325,0.10793171652078087},{-0.5135587262419943,0.10793171652078065,-0.8512392021456592}},
{{0.7729305643919915,-0.3726067328019958,-0.5135587262419943},{-0.5135587262419944,0.1079317165207806,-0.8512392021456592},{0.37260673280199563,0.9216913622463325,-0.10793171652078092}},
{{0.7729305643919915,-0.3726067328019958,-0.5135587262419943},{0.37260673280199563,0.9216913622463325,-0.10793171652078097},{0.5135587262419944,-0.10793171652078054,0.8512392021456592}},
{{-0.8192363937435254,0.037163478616978475,0.5722504757736685},{-0.5722504757736683,-0.11764988960109699,-0.8115958947984279},{0.037163478616978406,-0.9923595010549029,0.11764988960109699}},
{{-0.8192363937435254,0.037163478616978475,0.5722504757736685},{0.03716347861697837,-0.9923595010549029,0.11764988960109694},{0.5722504757736683,0.11764988960109692,0.8115958947984279}},
{{-0.8192363937435254,0.037163478616978475,0.5722504757736685},{0.5722504757736683,0.11764988960109686,0.8115958947984279},{-0.037163478616978336,0.9923595010549029,-0.11764988960109689}},
{{-0.8192363937435254,0.037163478616978475,0.5722504757736685},{-0.0371634786169783,0.9923595010549029,-0.11764988960109685},{-0.5722504757736683,-0.11764988960109679,-0.8115958947984279}},
{{-0.3595499139848458,0.0037262061679984027,-0.9331184141046},{0.9331184141046,0.00542898137736719,-0.3595282345242453},{0.0037262061679984595,-0.9999783205393994,-0.00542898137736715}},
{{-0.3595499139848458,0.0037262061679984027,-0.9331184141046},{0.0037262061679985163,-0.9999783205393994,-0.0054289813773671725},{-0.9331184141046,-0.0054289813773672506,0.3595282345242453}},
{{-0.3595499139848458,0.0037262061679984027,-0.9331184141046},{-0.9331184141046,-0.005428981377367312,0.3595282345242453},{-0.0037262061679985735,0.9999783205393994,0.005428981377367194}},
{{-0.3595499139848458,0.0037262061679984027,-0.9331184141046},{-0.0037262061679986308,0.9999783205393994,0.005428981377367217},{0.9331184141046,0.005428981377367373,-0.3595282345242453}},
{{-0.41373897968096374,0.8895435244029218,0.19373274087098297},{-0.19373274087098302,-0.2939538859548094,0.9359800948987557},{0.889543524402922,0.34971907457971924,0.2939538859548094}},
{{-0.41373897968096374,0.8895435244029218,0.19373274087098297},{0.889543524402922,0.3497190745797192,0.2939538859548095},{0.19373274087098308,0.2939538859548095,-0.9359800948987557}},
{{-0.41373897968096374,0.8895435244029218,0.19373274087098297},{0.19373274087098313,0.2939538859548095,-0.9359800948987557},{-0.889543524402922,-0.3497190745797192,-0.29395388595480954}},
{{-0.41373897968096374,0.8895435244029218,0.19373274087098297},{-0.889543524402922,-0.3497190745797192,-0.2939538859548096},{-0.1937327408709832,-0.29395388595480954,0.9359800948987556}},
{{-0.827811547382656,0.5107936072787878,-0.23198692373290353},{0.2319869237329037,0.6881845780818816,0.6874474916000544},{0.5107936072787879,0.5152590389827103,-0.6881845780818816}},
{{-0.827811547382656,0.5107936072787878,-0.23198692373290353},{0.5107936072787879,0.5152590389827104,-0.6881845780818815},{-0.23198692373290367,-0.6881845780818815,-0.6874474916000545}},
{{-0.827811547382656,0.5107936072787878,-0.23198692373290353},{-0.23198692373290364,-0.6881845780818815,-0.6874474916000545},{-0.5107936072787879,-0.5152590389827104,0.6881845780818815}},
{{-0.827811547382656,0.5107936072787878,-0.23198692373290353},{-0.510793607278788,-0.5152590389827105,0.6881845780818814},{0.23198692373290358,0.6881845780818815,0.6874474916000546}},
{{0.15292356475292618,-0.8529090491225882,0.49915983138475895},{-0.4991598313847589,0.3692681372488055,0.7838880695257048},{-0.8529090491225882,-0.3690354952272211,-0.3692681372488054}},
{{0.15292356475292618,-0.8529090491225882,0.49915983138475895},{-0.8529090491225884,-0.36903549522722107,-0.36926813724880536},{0.49915983138475883,-0.36926813724880553,-0.7838880695257048}},
{{0.15292356475292618,-0.8529090491225882,0.49915983138475895},{0.4991598313847588,-0.36926813724880553,-0.7838880695257049},{0.8529090491225884,0.36903549522722107,0.3692681372488053}},
{{0.15292356475292618,-0.8529090491225882,0.49915983138475895},{0.8529090491225884,0.369035495227221,0.3692681372488053},{-0.4991598313847587,0.3692681372488056,0.7838880695257049}},
{{0.14057618120304044,0.8838182639842542,0.44621027949412834},{-0.44621027949412845,-0.34576278296331175,0.8254359359703438},{0.8838182639842543,-0.3151402452326967,0.3457627829633118}},
{{0.14057618120304044,0.8838182639842542,0.44621027949412834},{0.8838182639842543,-0.31514024523269674,0.34576278296331187},{0.4462102794941285,0.3457627829633117,-0.8254359359703438}},
{{0.14057618120304044,0.8838182639842542,0.44621027949412834},{0.44621027949412856,0.3457627829633117,-0.8254359359703437},{-0.8838182639842542,0.31514024523269674,-0.3457627829633119}},
{{0.14057618120304044,0.8838182639842542,0.44621027949412834},{-0.8838182639842542,0.3151402452326968,-0.345762782963312},{-0.4462102794941286,-0.3457627829633117,0.8254359359703437}},
{{0.8795353134986681,0.15546187786994134,0.44972128795283034},{-0.44972128795282995,-0.03719776661875684,0.8923940213384582},{0.1554618778699412,-0.9871412921602095,0.0371977666187569}},
{{0.8795353134986681,0.15546187786994134,0.44972128795283034},{0.15546187786994117,-0.9871412921602095,0.037197766618756956},{0.44972128795282995,0.03719776661875678,-0.8923940213384582}},
{{0.8795353134986681,0.15546187786994134,0.44972128795283034},{0.44972128795283,0.03719776661875672,-0.8923940213384582},{-0.15546187786994115,0.9871412921602095,-0.03719776661875701}},
{{0.8795353134986681,0.15546187786994134,0.44972128795283034},{-0.15546187786994112,0.9871412921602095,-0.03719776661875706},{-0.44972128795283,-0.03719776661875666,0.8923940213384582}},
{{-0.36557634570588177,-0.44168269813885713,0.819310887041735},{-0.819310887041735,0.5704003007355838,-0.05807897464351624},{-0.44168269813885713,-0.6925026289376344,-0.5704003007355838}},
{{-0.36557634570588177,-0.44168269813885713,0.819310887041735},{-0.4416826981388572,-0.6925026289376343,-0.5704003007355838},{0.819310887041735,-0.5704003007355839,0.058078974643516204}},
{{-0.36557634570588177,-0.44168269813885713,0.819310887041735},{0.8193108870417349,-0.5704003007355839,0.05807897464351617},{0.44168269813885724,0.6925026289376343,0.5704003007355838}},
{{-0.36557634570588177,-0.44168269813885713,0.819310887041735},{0.4416826981388573,0.6925026289376343,0.5704003007355838},{-0.8193108870417349,0.570400300735584,-0.058078974643516135}},
{{0.1100708148359746,-0.6091030953828593,-0.7854157083458188},{0.7854157083458186,-0.43096272122643636,0.44428965551399113},{-0.6091030953828592,-0.6657811593219835,0.4309627212264364}},
{{0.1100708148359746,-0.6091030953828593,-0.7854157083458188},{-0.6091030953828591,-0.6657811593219835,0.4309627212264365},{-0.7854157083458188,0.43096272122643636,-0.4442896555139911}},
{{0.1100708148359746,-0.6091030953828593,-0.7854157083458188},{-0.7854157083458188,0.4309627212264363,-0.4442896555139911},{0.6091030953828591,0.6657811593219836,-0.4309627212264365}},
{{0.1100708148359746,-0.6091030953828593,-0.7854157083458188},{0.609103095382859,0.6657811593219836,-0.43096272122643653},{0.7854157083458188,-0.43096272122643625,0.444289655513991}},
{{0.6822583360032565,-0.7307875789042746,0.021750344211008174},{-0.021750344211008125,0.009448537746028166,0.9997187842894443},{-0.7307875789042744,-0.6825395517138119,-0.009448537746028067}},
{{0.6822583360032565,-0.7307875789042746,0.021750344211008174},{-0.7307875789042744,-0.6825395517138119,-0.009448537746028005},{0.02175034421100808,-0.009448537746028208,-0.9997187842894443}},
{{0.6822583360032565,-0.7307875789042746,0.021750344211008174},{0.021750344211008035,-0.00944853774602825,-0.9997187842894443},{0.7307875789042744,0.6825395517138119,0.009448537746027944}},
{{0.6822583360032565,-0.7307875789042746,0.021750344211008174},{0.7307875789042744,0.6825395517138119,0.009448537746027883},{-0.02175034421100799,0.009448537746028291,0.9997187842894443}},
{{-0.9710514228413133,0.07315844035802357,0.22739168147107336},{-0.22739168147107358,-0.5746610852623693,-0.7861664329407827},{0.07315844035802367,-0.8151150100994689,0.5746610852623693}},
{{-0.9710514228413133,0.07315844035802357,0.22739168147107336},{0.07315844035802366,-0.815115010099469,0.5746610852623691},{0.22739168147107358,0.5746610852623691,0.7861664329407828}},
{{-0.9710514228413133,0.07315844035802357,0.22739168147107336},{0.22739168147107358,0.5746610852623691,0.7861664329407828},{-0.07315844035802364,0.815115010099469,-0.5746610852623691}},
{{-0.9710514228413133,0.07315844035802357,0.22739168147107336},{-0.07315844035802363,0.815115010099469,-0.574661085262369},{-0.2273916814710736,-0.574661085262369,-0.7861664329407828}},
{{0.3832312649539412,0.5348975252359179,0.7530062649528845},{-0.7530062649528843,-0.2911886087420466,0.590076909462299},{0.5348975252359178,-0.7931543554916423,0.2911886087420466}},
{{0.3832312649539412,0.5348975252359179,0.7530062649528845},{0.5348975252359177,-0.7931543554916423,0.2911886087420466},{0.7530062649528844,0.29118860874204655,-0.590076909462299}},
{{0.3832312649539412,0.5348975252359179,0.7530062649528845},{0.7530062649528844,0.2911886087420465,-0.590076909462299},{-0.5348975252359177,0.7931543554916423,-0.29118860874204666}},
{{0.3832312649539412,0.5348975252359179,0.7530062649528845},{-0.5348975252359176,0.7931543554916424,-0.2911886087420467},{-0.7530062649528844,-0.2911886087420465,0.5900769094622988}},
{{-0.6140753979698614,0.780001606243824,-0.12045289479797282},{0.12045289479797275,0.24345027739848468,0.9624048329935742},{0.7800016062438238,0.5764802309634357,-0.24345027739848468}},
{{-0.6140753979698614,0.780001606243824,-0.12045289479797282},{0.7800016062438238,0.5764802309634357,-0.24345027739848463},{-0.12045289479797269,-0.24345027739848463,-0.9624048329935742}},
{{-0.6140753979698614,0.780001606243824,-0.12045289479797282},{-0.12045289479797265,-0.2434502773984846,-0.9624048329935742},{-0.7800016062438238,-0.5764802309634357,0.24345027739848457}},
{{-0.6140753979698614,0.780001606243824,-0.12045289479797282},{-0.7800016062438238,-0.5764802309634358,0.24345027739848452},{0.1204528947979726,0.24345027739848457,0.9624048329935743}},
{{-0.25882822983091747,-0.13419648679595722,0.9565559316496951},{-0.9565559316496951,0.17319392159517744,-0.23453062731393381},{-0.13419648679595728,-0.9757023974830167,-0.1731939215951774}},
{{-0.25882822983091747,-0.13419648679595722,0.9565559316496951},{-0.13419648679595733,-0.9757023974830167,-0.1731939215951774},{0.9565559316496951,-0.1731939215951775,0.2345306273139338}},
{{-0.25882822983091747,-0.13419648679595722,0.9565559316496951},{0.9565559316496951,-0.17319392159517755,0.2345306273139338},{0.1341964867959574,0.9757023974830167,0.17319392159517744}},
{{-0.25882822983091747,-0.13419648679595722,0.9565559316496951},{0.13419648679595744,0.9757023974830167,0.17319392159517744},{-0.9565559316496951,0.17319392159517763,-0.23453062731393376}},
{{0.9630180549525144,-0.14609739896592636,-0.22638855061788585},{0.22638855061788585,-0.016848942533918162,0.9738913375139044},{-0.14609739896592638,-0.9891267174386099,0.01684894253391828}},
{{0.9630180549525144,-0.14609739896592636,-0.22638855061788585},{-0.14609739896592636,-0.9891267174386099,0.01684894253391834},{-0.22638855061788588,0.0168489425339181,-0.9738913375139044}},
{{0.9630180549525144,-0.14609739896592636,-0.22638855061788585},{-0.22638855061788588,0.01684894253391804,-0.9738913375139044},{0.14609739896592636,0.9891267174386099,-0.0168489425339184}},
{{0.9630180549525144,-0.14609739896592636,-0.22638855061788585},{0.14609739896592633,0.9891267174386099,-0.01684894253391846},{0.22638855061788588,-0.016848942533917978,0.9738913375139044}},
{{-0.25339000988798516,0.9565417138629442,-0.14429640511499156},{0.1442964051149915,0.18486965414465903,0.9721120092084679},{0.9565417138629441,0.225502019096453,-0.18486965414465897}},
{{-0.25339000988798516,0.9565417138629442,-0.14429640511499156},{0.9565417138629441,0.22550201909645304,-0.18486965414465892},{-0.14429640511499145,-0.184869654144659,-0.9721120092084679}},
{{-0.25339000988798516,0.9565417138629442,-0.14429640511499156},{-0.1442964051149914,-0.184869654144659,-0.9721120092084679},{-0.9565417138629441,-0.22550201909645304,0.18486965414465886}},
{{-0.25339000988798516,0.9565417138629442,-0.14429640511499156},{-0.9565417138629441,-0.22550201909645307,0.18486965414465878},{0.14429640511499134,0.18486965414465897,0.9721120092084679}},
{{0.7967784123567405,0.3596840682198828,-0.48556310884484194},{0.48556310884484183,0.09720136504630406,0.868780963167396},{0.3596840682198828,-0.9279974491893447,-0.09720136504630394}},
{{0.7967784123567405,0.3596840682198828,-0.48556310884484194},{0.3596840682198828,-0.9279974491893447,-0.09720136504630389},{-0.4855631088448418,-0.09720136504630411,-0.868780963167396}},
{{0.7967784123567405,0.3596840682198828,-0.48556310884484194},{-0.4855631088448418,-0.09720136504630417,-0.868780963167396},{-0.35968406821988286,0.9279974491893447,0.09720136504630385}},
{{0.7967784123567405,0.3596840682198828,-0.48556310884484194},{-0.35968406821988286,0.9279974491893447,0.09720136504630379},{0.4855631088448417,0.09720136504630422,0.868780963167396}},
{{-0.9769971367043746,0.14491710539705555,-0.15644688374906},{0.15644688374906016,0.9856090196221466,-0.06402525286696714},{0.14491710539705568,-0.0870281161625922,-0.9856090196221466}},
{{-0.9769971367043746,0.14491710539705555,-0.15644688374906},{0.1449171053970557,-0.08702811616259214,-0.9856090196221466},{-0.15644688374906013,-0.9856090196221466,0.06402525286696707}},
{{-0.9769971367043746,0.14491710539705555,-0.15644688374906},{-0.15644688374906013,-0.9856090196221466,0.06402525286696702},{-0.1449171053970557,0.08702811616259208,0.9856090196221466}},
{{-0.9769971367043746,0.14491710539705555,-0.15644688374906},{-0.1449171053970557,0.08702811616259203,0.9856090196221466},{0.15644688374906013,0.9856090196221466,-0.06402525286696696}},
{{0.6703705324022495,-0.04859712577901809,0.7404334329652755},{-0.7404334329652755,0.02154188904485449,0.6717843987200329},{-0.04859712577901815,-0.9985861336822168,-0.021541889044854386}},
{{0.6703705324022495,-0.04859712577901809,0.7404334329652755},{-0.04859712577901819,-0.9985861336822168,-0.021541889044854344},{0.7404334329652755,-0.02154188904485455,-0.6717843987200329}},
{{0.6703705324022495,-0.04859712577901809,0.7404334329652755},{0.7404334329652755,-0.02154188904485461,-0.6717843987200329},{0.04859712577901824,0.9985861336822168,0.021541889044854302}},
{{0.6703705324022495,-0.04859712577901809,0.7404334329652755},{0.04859712577901828,0.9985861336822168,0.021541889044854264},{-0.7404334329652755,0.02154188904485467,0.6717843987200329}},
{{-0.5359854329219907,0.30540569801599476,-0.7870495380309864},{0.7870495380309863,0.5180212661192362,-0.33497312210598956},{0.3054056980159948,-0.7989876891839985,-0.5180212661192362}},
{{-0.5359854329219907,0.30540569801599476,-0.7870495380309864},{0.3054056980159949,-0.7989876891839984,-0.5180212661192362},{-0.7870495380309863,-0.5180212661192363,0.33497312210598956}},
{{-0.5359854329219907,0.30540569801599476,-0.7870495380309864},{-0.7870495380309862,-0.5180212661192363,0.3349731221059895},{-0.30540569801599493,0.7989876891839984,0.5180212661192363}},
{{-0.5359854329219907,0.30540569801599476,-0.7870495380309864},{-0.30540569801599493,0.7989876891839984,0.5180212661192363},{0.7870495380309862,0.5180212661192364,-0.3349731221059895}},
{{0.3878665790890648,0.1633442781400273,0.9071263217571517},{-0.9071263217571516,-0.10676378871122826,0.40709130400361604},{0.16334427814002733,-0.9807752750854486,0.10676378871122832}},
{{0.3878665790890648,0.1633442781400273,0.9071263217571517},{0.16334427814002728,-0.9807752750854486,0.10676378871122835},{0.9071263217571516,0.10676378871122819,-0.40709130400361604}},
{{0.3878665790890648,0.1633442781400273,0.9071263217571517},{0.9071263217571516,0.10676378871122813,-0.40709130400361604},{-0.16334427814002722,0.9807752750854486,-0.10676378871122837}},
{{0.3878665790890648,0.1633442781400273,0.9071263217571517},{-0.16334427814002717,0.9807752750854486,-0.1067637887112284},{-0.9071263217571516,-0.10676378871122807,0.40709130400361604}},
{{-0.645734959191682,0.5414828278007332,-0.5383518456127347},{0.5383518456127346,0.8228536438396525,0.18190429116754914},{0.5414828278007331,-0.17236074964076892,-0.8228536438396525}},
{{-0.645734959191682,0.5414828278007332,-0.5383518456127347},{0.5414828278007332,-0.17236074964076886,-0.8228536438396525},{-0.5383518456127345,-0.8228536438396525,-0.1819042911675492}},
{{-0.645734959191682,0.5414828278007332,-0.5383518456127347},{-0.5383518456127345,-0.8228536438396525,-0.18190429116754922},{-0.5414828278007332,0.17236074964076883,0.8228536438396525}},
{{-0.645734959191682,0.5414828278007332,-0.5383518456127347},{-0.5414828278007332,0.17236074964076878,0.8228536438396525},{0.5383518456127345,0.8228536438396525,0.18190429116754928}},
{{-0.6911101522032608,-0.019455840308007344,-0.7224875277812726},{0.7224875277812727,-0.04550684350846388,-0.6898847000727015},{-0.0194558403080073,-0.9987745478694406,0.0455068435084639}},
{{-0.6911101522032608,-0.019455840308007344,-0.7224875277812726},{-0.019455840308007254,-0.9987745478694406,0.04550684350846386},{-0.7224875277812727,0.04550684350846382,0.6898847000727015}},
{{-0.6911101522032608,-0.019455840308007344,-0.7224875277812726},{-0.7224875277812727,0.04550684350846376,0.6898847000727015},{0.019455840308007212,0.9987745478694406,-0.04550684350846382}},
{{-0.6911101522032608,-0.019455840308007344,-0.7224875277812726},{0.019455840308007167,0.9987745478694406,-0.045506843508463776},{0.7224875277812727,-0.0455068435084637,-0.6898847000727015}},
{{0.12951495443398311,0.9745293597858729,-0.1830803197869761},{0.18308031978697603,0.15795908334901324,0.9703249581940259},{0.9745293597858729,-0.15918999623995722,-0.15795908334901315}},
{{0.12951495443398311,0.9745293597858729,-0.1830803197869761},{0.9745293597858729,-0.1591899962399572,-0.1579590833490131},{-0.18308031978697598,-0.15795908334901326,-0.9703249581940259}},
{{0.12951495443398311,0.9745293597858729,-0.1830803197869761},{-0.18308031978697592,-0.15795908334901326,-0.9703249581940259},{-0.9745293597858729,0.1591899962399572,0.15795908334901304}},
{{0.12951495443398311,0.9745293597858729,-0.1830803197869761},{-0.9745293597858729,0.1591899962399572,0.15795908334901296},{0.18308031978697584,0.15795908334901326,0.9703249581940259}},
{{0.07298906107000998,0.3755640442040513,0.9239178782041263},{-0.9239178782041263,-0.32338664711524745,0.20444273232947832},{0.37556404420405126,-0.8685463287405315,0.3233866471152475}},
{{0.07298906107000998,0.3755640442040513,0.9239178782041263},{0.3755640442040512,-0.8685463287405315,0.3233866471152475},{0.9239178782041263,0.3233866471152474,-0.20444273232947832}},
{{0.07298906107000998,0.3755640442040513,0.9239178782041263},{0.9239178782041264,0.32338664711524734,-0.2044427323294783},{-0.37556404420405115,0.8685463287405316,-0.32338664711524756}},
{{0.07298906107000998,0.3755640442040513,0.9239178782041263},{-0.3755640442040511,0.8685463287405316,-0.32338664711524756},{-0.9239178782041264,-0.3233866471152473,0.20444273232947827}},
{{-0.07708711877294763,-0.6841261487435353,0.7252785593995072},{-0.7252785593995072,0.5376260725156945,0.4300339724100004},{-0.6841261487435354,-0.49287890881705193,-0.5376260725156945}},
{{-0.07708711877294763,-0.6841261487435353,0.7252785593995072},{-0.6841261487435355,-0.49287890881705193,-0.5376260725156945},{0.7252785593995071,-0.5376260725156946,-0.4300339724100004}},
{{-0.07708711877294763,-0.6841261487435353,0.7252785593995072},{0.7252785593995071,-0.5376260725156946,-0.43003397241000046},{0.6841261487435355,0.4928789088170519,0.5376260725156944}},
{{-0.07708711877294763,-0.6841261487435353,0.7252785593995072},{0.6841261487435356,0.4928789088170519,0.5376260725156944},{-0.725278559399507,0.5376260725156946,0.43003397241000046}},
{{0.6492253598940125,0.30992039315700604,0.6945903699130135},{-0.6945903699130138,-0.13052656462931508,0.7074652174843457},{0.3099203931570061,-0.9417601424096669,0.13052656462931528}},
{{0.6492253598940125,0.30992039315700604,0.6945903699130135},{0.30992039315700604,-0.9417601424096669,0.1305265646293153},{0.6945903699130138,0.13052656462931503,-0.7074652174843457}},
{{0.6492253598940125,0.30992039315700604,0.6945903699130135},{0.6945903699130139,0.13052656462931497,-0.7074652174843457},{-0.30992039315700604,0.9417601424096669,-0.13052656462931536}},
{{0.6492253598940125,0.30992039315700604,0.6945903699130135},{-0.309920393157006,0.9417601424096669,-0.1305265646293154},{-0.6945903699130139,-0.13052656462931492,0.7074652174843457}},
{{-0.30753925728019027,0.6192185806763834,-0.7224873386964471},{0.7224873386964472,0.6460692380438577,0.2461840471613763},{0.6192185806763835,-0.4462766955584334,-0.6460692380438576}},
{{-0.30753925728019027,0.6192185806763834,-0.7224873386964471},{0.6192185806763836,-0.4462766955584334,-0.6460692380438576},{-0.7224873386964471,-0.6460692380438577,-0.24618404716137635}},
{{-0.30753925728019027,0.6192185806763834,-0.7224873386964471},{-0.7224873386964471,-0.6460692380438579,-0.24618404716137637},{-0.6192185806763836,0.44627669555843336,0.6460692380438576}},
{{-0.30753925728019027,0.6192185806763834,-0.7224873386964471},{-0.6192185806763837,0.4462766955584333,0.6460692380438575},{0.7224873386964471,0.6460692380438579,0.24618404716137643}},
{{-0.27550554919209613,0.5647840138361973,0.7778918370052716},{-0.7778918370052715,-0.6064102679383243,0.16477523132902624},{0.5647840138361973,-0.559719219478878,0.6064102679383244}},
{{-0.27550554919209613,0.5647840138361973,0.7778918370052716},{0.5647840138361971,-0.5597192194788781,0.6064102679383244},{0.7778918370052716,0.6064102679383242,-0.1647752313290262}},
{{-0.27550554919209613,0.5647840138361973,0.7778918370052716},{0.7778918370052716,0.6064102679383242,-0.16477523132902616},{-0.5647840138361971,0.5597192194788781,-0.6064102679383244}},
{{-0.27550554919209613,0.5647840138361973,0.7778918370052716},{-0.564784013836197,0.5597192194788781,-0.6064102679383244},{-0.7778918370052716,-0.6064102679383242,0.16477523132902613}},
{{0.016456131500994925,-0.3756240121868842,0.9266260287757142},{-0.9266260287757142,0.3424279473936077,0.15526526861842332},{-0.3756240121868843,-0.861190862882572,-0.34242794739360766}},
{{0.016456131500994925,-0.3756240121868842,0.9266260287757142},{-0.37562401218688435,-0.861190862882572,-0.34242794739360766},{0.9266260287757142,-0.34242794739360777,-0.15526526861842335}},
{{0.016456131500994925,-0.3756240121868842,0.9266260287757142},{0.9266260287757141,-0.3424279473936078,-0.15526526861842335},{0.3756240121868844,0.8611908628825719,0.3424279473936076}},
{{0.016456131500994925,-0.3756240121868842,0.9266260287757142},{0.37562401218688446,0.8611908628825719,0.3424279473936076},{-0.9266260287757141,0.3424279473936079,0.15526526861842338}},
{{0.4921743347489931,-0.7057375341309902,0.5096066690429929},{-0.5096066690429929,0.24102314696868743,0.8259593727854995},{-0.7057375341309902,-0.6662149619634937,-0.24102314696868726}},
{{0.4921743347489931,-0.7057375341309902,0.5096066690429929},{-0.7057375341309903,-0.6662149619634937,-0.2410231469686872},{0.5096066690429928,-0.24102314696868749,-0.8259593727854995}},
{{0.4921743347489931,-0.7057375341309902,0.5096066690429929},{0.5096066690429928,-0.2410231469686875,-0.8259593727854995},{0.7057375341309903,0.6662149619634937,0.24102314696868718}},
{{0.4921743347489931,-0.7057375341309902,0.5096066690429929},{0.7057375341309903,0.6662149619634936,0.24102314696868712},{-0.5096066690429927,0.24102314696868757,0.8259593727854996}},
{{-0.04982330178002534,0.9865165282105018,0.1558934834020793},{-0.15589348340207937,-0.16185568253206808,0.9744228855403823},{0.986516528210502,0.02424618732040713,0.16185568253206814}},
{{-0.04982330178002534,0.9865165282105018,0.1558934834020793},{0.986516528210502,0.02424618732040712,0.1618556825320682},{0.15589348340207942,0.16185568253206808,-0.9744228855403823}},
{{-0.04982330178002534,0.9865165282105018,0.1558934834020793},{0.1558934834020795,0.16185568253206808,-0.9744228855403823},{-0.986516528210502,-0.02424618732040711,-0.16185568253206825}},
{{-0.04982330178002534,0.9865165282105018,0.1558934834020793},{-0.986516528210502,-0.024246187320407103,-0.16185568253206833},{-0.15589348340207956,-0.16185568253206808,0.9744228855403823}},
{{0.4215372802840211,0.5262593878570263,-0.7384831602840369},{0.7384831602840369,0.27338973185152843,0.6163608330313104},{0.5262593878570263,-0.8051764472527108,-0.2733897318515283}},
{{0.4215372802840211,0.5262593878570263,-0.7384831602840369},{0.5262593878570264,-0.8051764472527108,-0.2733897318515283},{-0.7384831602840368,-0.2733897318515285,-0.6163608330313104}},
{{0.4215372802840211,0.5262593878570263,-0.7384831602840369},{-0.7384831602840368,-0.27338973185152854,-0.6163608330313104},{-0.5262593878570264,0.8051764472527108,0.27338973185152826}},
{{0.4215372802840211,0.5262593878570263,-0.7384831602840369},{-0.5262593878570265,0.8051764472527106,0.2733897318515282},{0.7384831602840368,0.2733897318515286,0.6163608330313105}},
{{0.420469615963161,-0.8819556708603379,0.2129776905900816},{-0.2129776905900815,0.13223576194221962,0.9680672531257714},{-0.8819556708603377,-0.45240236283738977,-0.13223576194221948}},
{{0.420469615963161,-0.8819556708603379,0.2129776905900816},{-0.8819556708603377,-0.45240236283738977,-0.13223576194221942},{0.21297769059008145,-0.13223576194221964,-0.9680672531257714}},
{{0.420469615963161,-0.8819556708603379,0.2129776905900816},{0.2129776905900814,-0.13223576194221967,-0.9680672531257714},{0.8819556708603377,0.45240236283738977,0.13223576194221937}},
{{0.420469615963161,-0.8819556708603379,0.2129776905900816},{0.8819556708603377,0.4524023628373897,0.13223576194221928},{-0.21297769059008134,0.1322357619422197,0.9680672531257714}},
{{0.7385822013071096,0.5214584543900774,0.4272907818540634},{-0.42729078185406344,-0.12815867464490877,0.8949848835906693},{0.5214584543900774,-0.8435973177164402,0.12815867464490888}},
{{0.7385822013071096,0.5214584543900774,0.4272907818540634},{0.5214584543900774,-0.8435973177164402,0.12815867464490893},{0.42729078185406344,0.1281586746449087,-0.8949848835906693}},
{{0.7385822013071096,0.5214584543900774,0.4272907818540634},{0.4272907818540635,0.12815867464490865,-0.8949848835906693},{-0.5214584543900773,0.8435973177164402,-0.128158674644909}},
{{0.7385822013071096,0.5214584543900774,0.4272907818540634},{-0.5214584543900773,0.8435973177164402,-0.12815867464490904},{-0.4272907818540635,-0.12815867464490863,0.8949848835906693}},
{{0.9561419376382773,0.21825639828406332,-0.19533750202505662},{0.19533750202505662,0.021794767967230514,0.980493879833967},{0.21825639828406326,-0.9756480578043105,-0.021794767967230396}},
{{0.9561419376382773,0.21825639828406332,-0.19533750202505662},{0.2182563982840633,-0.9756480578043105,-0.021794767967230334},{-0.1953375020250566,-0.021794767967230573,-0.980493879833967}},
{{0.9561419376382773,0.21825639828406332,-0.19533750202505662},{-0.1953375020250566,-0.021794767967230635,-0.980493879833967},{-0.2182563982840633,0.9756480578043105,0.021794767967230275}},
{{0.9561419376382773,0.21825639828406332,-0.19533750202505662},{-0.21825639828406332,0.9756480578043105,0.021794767967230216},{0.19533750202505656,0.021794767967230694,0.980493879833967}},
{{0.8645418075801082,-0.20818270677102604,0.4574138427590573},{-0.4574138427590576,0.05107187809519049,0.8877861452625978},{-0.20818270677102618,-0.9767556623175109,-0.05107187809519026}},
{{0.8645418075801082,-0.20818270677102604,0.4574138427590573},{-0.2081827067710262,-0.9767556623175109,-0.051071878095190204},{0.4574138427590576,-0.051071878095190544,-0.8877861452625978}},
{{0.8645418075801082,-0.20818270677102604,0.4574138427590573},{0.45741384275905755,-0.051071878095190607,-0.8877861452625978},{0.20818270677102624,0.9767556623175109,0.05107187809519015}},
{{0.8645418075801082,-0.20818270677102604,0.4574138427590573},{0.20818270677102627,0.9767556623175109,0.0510718780951901},{-0.45741384275905755,0.05107187809519066,0.8877861452625978}},
{{0.9092044197342637,0.393013233589114,0.13743333423703982},{-0.13743333423703993,-0.028290904071419487,0.9901069151295288},{0.39301323358911416,-0.9190975046047352,0.0282909040714196}},
{{0.9092044197342637,0.393013233589114,0.13743333423703982},{0.39301323358911416,-0.9190975046047352,0.028290904071419664},{0.13743333423703996,0.02829090407141943,-0.9901069151295288}},
{{0.9092044197342637,0.393013233589114,0.13743333423703982},{0.13743333423704,0.028290904071419373,-0.9901069151295288},{-0.39301323358911416,0.9190975046047352,-0.028290904071419723}},
{{0.9092044197342637,0.393013233589114,0.13743333423703982},{-0.3930132335891141,0.9190975046047352,-0.028290904071419785},{-0.13743333423704,-0.028290904071419317,0.9901069151295288}},
{{0.6105914980846207,-0.6987158513875656,-0.3727924107147683},{0.3727924107147683,-0.16172689782180044,0.9137123338526237},{-0.6987158513875656,-0.6968791642319969,0.16172689782180055}},
{{0.6105914980846207,-0.6987158513875656,-0.3727924107147683},{-0.6987158513875656,-0.6968791642319969,0.1617268978218006},{-0.3727924107147684,0.1617268978218004,-0.9137123338526237}},
{{0.6105914980846207,-0.6987158513875656,-0.3727924107147683},{-0.3727924107147684,0.16172689782180036,-0.9137123338526237},{0.6987158513875655,0.6968791642319969,-0.16172689782180066}},
{{0.6105914980846207,-0.6987158513875656,-0.3727924107147683},{0.6987158513875655,0.6968791642319969,-0.16172689782180072},{0.37279241071476843,-0.16172689782180033,0.9137123338526237}},
{{-0.8990949097650663,-0.2614608089120192,0.351093418676026},{-0.3510934186760256,0.9097377450135788,-0.22160922061139243},{-0.2614608089120193,-0.32251431084632604,-0.9097377450135788}},
{{-0.8990949097650663,-0.2614608089120192,0.351093418676026},{-0.26146080891201934,-0.322514310846326,-0.9097377450135788},{0.35109341867602556,-0.9097377450135788,0.22160922061139238}},
{{-0.8990949097650663,-0.2614608089120192,0.351093418676026},{0.35109341867602556,-0.909737745013579,0.22160922061139232},{0.26146080891201934,0.3225143108463259,0.9097377450135788}},
{{-0.8990949097650663,-0.2614608089120192,0.351093418676026},{0.2614608089120194,0.32251431084632587,0.9097377450135788},{-0.35109341867602556,0.909737745013579,-0.22160922061139227}},
{{-0.7104851312552108,0.6726240956521996,0.2068518895570614},{-0.20685188955706155,-0.480574851821911,0.8522089576993558},{0.6726240956521998,0.5626940889545661,0.480574851821911}},
{{-0.7104851312552108,0.6726240956521996,0.2068518895570614},{0.6726240956521998,0.562694088954566,0.48057485182191106},{0.2068518895570616,0.480574851821911,-0.8522089576993557}},
{{-0.7104851312552108,0.6726240956521996,0.2068518895570614},{0.20685188955706163,0.48057485182191106,-0.8522089576993557},{-0.6726240956521998,-0.562694088954566,-0.4805748518219111}},
{{-0.7104851312552108,0.6726240956521996,0.2068518895570614},{-0.6726240956521998,-0.562694088954566,-0.4805748518219112},{-0.20685188955706169,-0.48057485182191106,0.8522089576993557}},
{{-0.26266360180606235,0.23514129519505586,0.9357972021652221},{-0.9357972021652222,-0.29843171542328056,-0.18767553822824137},{0.23514129519505578,-0.9250119364221794,0.2984317154232806}},
{{-0.26266360180606235,0.23514129519505586,0.9357972021652221},{0.23514129519505572,-0.9250119364221794,0.2984317154232806},{0.9357972021652222,0.2984317154232805,0.18767553822824137}},
{{-0.26266360180606235,0.23514129519505586,0.9357972021652221},{0.9357972021652222,0.29843171542328045,0.1876755382282414},{-0.23514129519505567,0.9250119364221794,-0.29843171542328056}},
{{-0.26266360180606235,0.23514129519505586,0.9357972021652221},{-0.2351412951950556,0.9250119364221795,-0.29843171542328056},{-0.9357972021652223,-0.2984317154232804,-0.18767553822824143}},
{{0.29124789619397784,-0.8122569752379383,-0.5053842786829614},{0.5053842786829614,-0.31791099659934063,0.8021965651268503},{-0.8122569752379383,-0.4890513310671276,0.3179109965993408}},
{{0.29124789619397784,-0.8122569752379383,-0.5053842786829614},{-0.8122569752379382,-0.48905133106712767,0.31791099659934086},{-0.5053842786829615,0.31791099659934063,-0.8021965651268503}},
{{0.29124789619397784,-0.8122569752379383,-0.5053842786829614},{-0.5053842786829615,0.3179109965993406,-0.8021965651268502},{0.8122569752379382,0.48905133106712767,-0.3179109965993409}},
{{0.29124789619397784,-0.8122569752379383,-0.5053842786829614},{0.8122569752379382,0.48905133106712767,-0.31791099659934097},{0.5053842786829617,-0.3179109965993406,0.8021965651268502}},
{{-0.7036370525570789,-0.5605092245230628,0.4367199417170489},{-0.436719941717049,0.8259654520837996,0.3564502271996224},{-0.5605092245230627,0.060087279756701244,-0.8259654520837998}},
{{-0.7036370525570789,-0.5605092245230628,0.4367199417170489},{-0.5605092245230627,0.0600872797567013,-0.8259654520837998},{0.436719941717049,-0.8259654520837996,-0.35645022719962244}},
{{-0.7036370525570789,-0.5605092245230628,0.4367199417170489},{0.4367199417170489,-0.8259654520837996,-0.3564502271996225},{0.5605092245230628,-0.06008727975670135,0.8259654520837997}},
{{-0.7036370525570789,-0.5605092245230628,0.4367199417170489},{0.5605092245230628,-0.060087279756701396,0.8259654520837997},{-0.4367199417170489,0.8259654520837996,0.35645022719962255}},
{{0.2633409984198842,-0.30553084564486566,-0.9150423055305976},{0.9150423055305976,-0.2212970605396849,0.33723165641105407},{-0.30553084564486566,-0.9261093420088301,0.22129706053968498}},
{{0.2633409984198842,-0.30553084564486566,-0.9150423055305976},{-0.3055308456448656,-0.9261093420088301,0.22129706053968498},{-0.9150423055305976,0.22129706053968484,-0.33723165641105407}},
{{0.2633409984198842,-0.30553084564486566,-0.9150423055305976},{-0.9150423055305977,0.2212970605396848,-0.337231656411054},{0.30553084564486555,0.9261093420088301,-0.221297060539685}},
{{0.2633409984198842,-0.30553084564486566,-0.9150423055305976},{0.3055308456448655,0.9261093420088301,-0.22129706053968504},{0.9150423055305977,-0.22129706053968473,0.337231656411054}},
{{0.6197950073730341,-0.4027432586020221,0.6735369451530371},{-0.6735369451530374,0.16746715655070238,0.7199324516860852},{-0.40274325860202237,-0.8998625556869493,-0.16746715655070216}},
{{0.6197950073730341,-0.4027432586020221,0.6735369451530371},{-0.40274325860202237,-0.8998625556869493,-0.16746715655070213},{0.6735369451530374,-0.16746715655070243,-0.7199324516860852}},
{{0.6197950073730341,-0.4027432586020221,0.6735369451530371},{0.6735369451530373,-0.1674671565507025,-0.7199324516860852},{0.4027432586020224,0.8998625556869493,0.16746715655070207}},
{{0.6197950073730341,-0.4027432586020221,0.6735369451530371},{0.4027432586020225,0.8998625556869493,0.16746715655070205},{-0.6735369451530373,0.16746715655070255,0.7199324516860852}},
{{-0.6687882161330418,-0.30491958342101905,0.6780459937260424},{-0.6780459937260425,0.6242214559319038,-0.3880737099396436},{-0.30491958342101927,-0.7192854938066017,-0.6242214559319037}},
{{-0.6687882161330418,-0.30491958342101905,0.6780459937260424},{-0.30491958342101927,-0.7192854938066016,-0.6242214559319037},{0.6780459937260425,-0.6242214559319039,0.3880737099396436}},
{{-0.6687882161330418,-0.30491958342101905,0.6780459937260424},{0.6780459937260424,-0.6242214559319039,0.3880737099396435},{0.3049195834210193,0.7192854938066016,0.6242214559319038}},
{{-0.6687882161330418,-0.30491958342101905,0.6780459937260424},{0.3049195834210194,0.7192854938066016,0.6242214559319038},{-0.6780459937260424,0.624221455931904,-0.38807370993964346}},
{{0.1761386701039455,0.342559139371894,-0.9228371497327146},{0.9228371497327147,0.26878318673504,0.27591156844495646},{0.34255913937189403,-0.9002271016589889,-0.26878318673504}},
{{0.1761386701039455,0.342559139371894,-0.9228371497327146},{0.3425591393718941,-0.9002271016589889,-0.2687831867350399},{-0.9228371497327147,-0.26878318673504004,-0.2759115684449565}},
{{0.1761386701039455,0.342559139371894,-0.9228371497327146},{-0.9228371497327146,-0.2687831867350401,-0.2759115684449565},{-0.34255913937189414,0.9002271016589889,0.2687831867350399}},
{{0.1761386701039455,0.342559139371894,-0.9228371497327146},{-0.3425591393718942,0.9002271016589888,0.2687831867350399},{0.9228371497327146,0.26878318673504015,0.2759115684449565}},
